distance
434.6759348358331
78.72203242587895
230.14079300962555
551.8318761271784
297.4798249878895
578.3829292892476
456.25871881989434
808.7160267842763
468.083766183063
630.0793609204069
510.2594796148705
293.5511051267211
586.106177545055
682.9311123646855
510.5295055722827
543.4934813998883
532.4811468261388
684.3071220925841
267.4976261930157
70.68707839411624
714.9153671440333
592.6916640343526
1069.6405307594034
54.6567489042307
894.0854415402488
170.5593602497148
355.8340349412111
493.87582571756013
688.3379023593615
400.3709801183823
167.88644597632924
399.8315325593739
196.37322294267446
513.2080277754251
190.0340226375655
141.19373909851353
363.77139814680885
650.0584060507986
529.7007020747712
564.1342367323484
272.5276497442062
89.39128820521876
292.14657336375996
454.9715535516044
431.21577614788464
559.591293126424
115.75110949625419
399.6795367298039
296.6293495908165
1148.3007087415092
154.76025422256131
280.1232848280765
286.94029219670176
181.08299584606544
379.67330722909026
311.3121123091194
155.69930606187452
316.40617044233215
183.73648041458264
699.7110341335087
190.17363028117634
380.0470049280631
778.4581974835171
483.01708510456814
349.50006139686377
388.39632094348053
1019.2434897700307
97.8520150285045
170.96140093404478
557.7315630159385
246.42929792908959
304.188458206324
236.79425168242273
673.6057328375443
212.89820328052588
131.68662300235852
873.9806611402304
720.5764151111483
704.0660354002215
745.2007141318244
598.0956138747534
275.36483708987055
371.64444402425534
225.50469095795214
485.81730088359
618.5765404386245
451.55795574485416
637.5480733943273
603.8330021057171
373.4678460765168
356.36670521355694
592.0559696669387
419.17744188057816
252.7449847288305
749.0168890655427
341.91989465356926
609.4171587196282
127.05494101215432
221.89172782284464
442.477323089964
540.6959595298173
352.9448563368465
693.302430523266
20.983420552930454
374.14555281662706
405.7574447940045
196.57045019840098
312.9616019589027
740.3812252333092
140.08601665105004
699.1818305183772
836.4273343938517
1030.8152152280866
771.1233040337032
345.4797221874623
506.83559836175294
76.0586312273591
667.0499451812105
326.1277567834367
607.4122413134984
265.87946589971415
605.0578292375124
281.3828768462213
785.089851281999
1030.531671709496
399.8325272104462
348.44212280909767
453.30010961084724
786.8913843047958
1364.2011873874246
789.0877805502687
886.8708894443264
970.7327479938533
577.7027584286038
170.89634054780706
554.0559003397824
411.2835765620071
673.5042822390558
184.7917362693531
150.2254811922335
245.43501474042756
850.731835357557
258.89878059363775
124.82765815530978
302.39198459508526
366.9608486960127
83.91156736770212
228.12669107563661
310.32567564060406
400.6783459485842
351.1895055120354
423.7115026590928
265.9879555505148
613.2508090902759
218.34022219214074
481.05156729425653
461.8255428229706
484.72081328620175
370.7881793018179
56.17307757738428
49.25940050784572
1040.6290417740863
211.60067915789446
246.90704705656586
873.2634383756598
246.5905899220388
786.1575862262262
793.4102365556828
147.05442112856866
447.9423063577649
406.9466158963197
522.3334336362241
555.9835403063692
658.8710826083568
700.4740516643585
503.6889320611171
144.24677533356896
326.2409126206502
680.0234721314582
931.1344511310705
254.86958813030864
141.60008388087692
721.824877048919
186.7055037908496
642.6737862020864
675.88487548824
778.2518703632488
778.9535558887019
445.45158180751
140.9362306364763
328.9151540435668
71.11824013121046
719.2417277260539
498.68653670743157
833.8220369173339
441.2399899557789
769.9531445132989
443.73255344368624
353.01779323615705
540.7925876986006
332.52346155102947
679.6581014427926
214.66112947134664
415.8346509421627
575.1521498542583
302.59358635301686
475.2760592680397
486.5512010302796
327.6804914681667
420.2825845167687
450.3109243200327
284.5449177899426
355.6106671752773
150.4545983472871
533.3125026504673
469.44604816331685
831.3656349333929
161.86556108715985
512.0187540362612
535.7523959833571
564.6384366647169
783.8804904761422
1228.623937031793
109.40717611100227
924.0091564480258
222.8050839367715
710.5865779023924
714.1765854072921
108.34981441021596
783.7872640249333
689.2537624170141
201.97738144916522
196.80631312119013
384.6731306902546
680.9454575808917
775.7757430834514
529.6587459400241
557.1354741862089
459.9085757783182
416.83657412897537
839.3915765367299
519.8654603638511
147.84490688228752
219.99433748510646
362.4853471264142
173.78324004308175
715.7586166613266
763.2804069073724
1031.3173901324683
363.15933782226233
665.1671323484106
835.8959988096974
611.3413550774491
403.8145628487055
495.94224611103897
542.1262195319074
629.3126373297684
499.23789725270564
934.4032604739691
264.60209785931863
716.2719530216191
807.5896669972174
510.3852959147074
849.806164250083
357.35428818387703
671.5380326177526
325.44976445632494
850.5506984080782
372.62629746235064
451.50294104065057
1019.722389301774
154.1906448239342
532.2612969539864
909.9114766137608
412.4136609762421
715.5028585139581
386.95525126081844
89.3724306746112
497.55784705302096
938.1013639002155
621.9916494186414
74.4514965150492
488.7417691662836
276.0283889271178
245.0276651963345
207.74772327722928
570.8386907066861
309.20552328185994
199.96923968560642
642.0220311573424
878.3157810487012
460.26280014500117
671.9085082027082
88.23920497202643
1324.2735489225665
817.7332918333269
547.067415260343
545.6373741527026
651.0762069744205
431.7224600647549
171.54164244886525
429.514198074381
520.4972049091491
583.6915784311032
304.00547641872254
630.1092952246322
374.6118661879334
235.41854901294954
747.2388910896517
562.3179867535971
330.7893946541109
782.9512209533292
269.56873431932127
481.07651156750126
484.2068549967584
356.51060649365087
352.7968941452931
655.9482143919766
378.64761348858684
455.39032035328984
336.94277984295394
799.0424930492344
447.17639270517464
636.8504252673767
670.1212054775533
255.00145716185824
406.8820889403913
224.9289270581247
172.5967049374134
797.3859363424706
679.8980476349118
1167.4163556953897
322.73540451345934
467.5232314597474
683.0184623925514
35.12743824609422
77.86233371257788
84.02531340096814
822.0412843698066
66.1528504576592
662.0096916474814
463.93065612445076
607.0843983517423
679.058397233336
153.85044807356533
385.1994566181219
767.3154269800508
419.81373456428355
287.44925825709856
498.27002251134456
641.8549164405556
579.441823653292
287.97837391283184
116.56042738819728
870.5663675911617
196.31109109141008
254.82776043600842
464.8786320162513
806.82722396847
423.9704762670119
390.71491286223403
963.4991183320582
680.194528658596
344.58174548277157
448.0871848627314
63.5105487652754
410.3683039399131
504.2526058531318
628.9503378001297
593.2888459677116
146.44209114484246
500.47054668322335
153.30580371193827
431.48375653578927
302.6922220353197
463.61256591548994
536.4424351434037
1050.4859742462338
616.5227893024918
513.6275189812269
511.45065244521913
726.3577080744454
97.08651443214063
291.2601572398179
703.1477420019504
379.210002308943
552.7768447180229
470.5390402424673
620.1428765526853
864.8195370699757
310.4920698423219
430.8711082708389
698.516578698665
305.81147595747376
313.42023713014663
260.61849271490684
102.13756343013979
390.3381287873193
610.0820514816671
408.43013101872225
397.50276481613196
654.4029479274183
663.7132969380275
144.2507049215925
123.72433202237518
199.94163766521586
314.1813739057883
502.1586482795105
573.9298717792688
470.0725877020065
152.84628615153633
185.2646089277329
251.99767315156814
302.3148206748304
162.72497971373622
475.4793400615867
824.1966479284786
533.8493965810335
818.1976489277693
409.6447977181792
264.41013699327686
389.4487302716594
388.7276625673497
90.67145211893839
780.1418439251689
198.23941665888648
327.09990424159747
451.02469328989037
472.9244943957828
512.4240316629924
439.0373687639232
293.00583083988374
441.8749047032556
879.7762433671841
282.1788295014505
333.03864620044527
600.767802257087
1025.2586904425268
836.0363213872637
188.23749203597907
373.06176477797544
510.97212519353974
372.80937572391673
359.34818960725767
639.0204460400984
1014.4317734105322
370.3607430903004
616.451438878729
743.2221463682789
363.84675230759285
613.2486849222466
130.12929528557817
508.8155901163622
437.7655910630437
449.9965277876523
373.12850802275517
125.11356410437868
494.099076576871
293.9101661227995
240.4334073544188
220.57468519390443
565.3639304802006
551.6747050961712
600.2506999662893
708.3924475881271
530.5455160863792
418.5896796630555
423.0223394451073
421.21591249228527
588.31976649189
772.9118712919084
595.1313610474419
240.0961058855317
421.71511675067825
644.8027301054454
414.49919326144806
432.28251752591046
618.5823008512111
205.52528133935024
783.69130114178
240.61730635603993
522.4387461495237
586.8664982421427
1028.3505926634798
54.81700115112312
836.3447435166187
481.88198643877735
369.13963128766306
577.6798846785233
295.5691215843589
463.0524066231463
191.09337421756408
396.6915221630986
90.89617668774834
451.8989815540163
176.7283355325504
605.8795418408016
856.8459707925354
571.905303873472
157.04985546601594
531.3462512936845
587.2780315591132
711.4850606536096
168.72837540167748
405.84601486503703
251.43063655873365
364.0168436549409
357.6278252357653
436.8096804068968
464.5211488679307
211.00059164164387
575.7962855302528
457.4262227494247
569.7129593542904
489.2162503373184
409.2995878216505
230.55688534025415
408.57503734230517
1264.9644466334703
651.5664266561209
243.15492499820186
390.8006865120556
314.0244815790919
525.6888224005821
537.8274065336443
514.9549817891401
503.8393101652733
210.1825592977058
745.6831472585993
391.92825877722225
599.3194735926818
325.73277716692706
167.44116155792472
1329.8710173407073
605.6545567192959
563.5872833085708
99.53139575297155
913.5042738149932
772.9803857717197
333.0738516546798
424.19152398967964
212.091008322755
329.55231021998793
288.1081336246829
739.0323446819046
789.3815003418586
815.5364940804485
212.3567017320371
1017.7572931146801
482.07745848284276
675.7169880518397
935.087730981102
374.0613545171111
323.21627719696295
728.5681821323953
265.91705263522573
438.4937474507011
657.509036256111
488.0024427944645
308.71589591291115
493.4069781753474
242.67012220409052
329.11400684863196
538.4872378784196
390.8367326404318
1023.4698418572381
164.25068443598946
1006.0295201876295
664.7630708402551
239.16612612273892
448.25476060008066
847.2903145228404
382.28136187283695
211.2065303249374
398.1996790953635
368.757026100828
291.8689397846369
308.98151681005356
553.3445180872602
529.848468609993
630.9660506238466
502.3973788169951
504.5499704165111
377.36085465984786
590.6537851110685
79.40320744362491
327.0525737319381
293.7653249226273
609.8572206135682
285.00215206351595
782.95443158638
283.53289850780703
458.0766989453944
494.3575079848135
697.8937321932701
350.52292077661366
786.2987835362634
312.88208543071687
493.6496407579115
310.3089578234551
567.565542349839
812.7001862137165
694.8357860675608
477.46540360631366
485.54872016392346
630.9389953227762
533.5489131875025
619.1231420165215
516.5393604011254
410.00072259055645
301.20968461056225
800.9033508265564
196.6641724675793
342.19181728373906
274.3522264649051
278.04611662261993
486.2789045106167
473.58587337423927
197.35845807606054
366.8351552012958
530.454710165865
693.0842710968401
406.11659189928025
320.7361989164075
1085.2410687328165
317.65255564034567
312.40177922330486
143.72984954406863
128.20250959614313
135.63245890100464
446.70859941532063
755.458227177445
692.0750377276225
584.5066294790166
907.7131598827033
405.66843534367337
840.5973517342082
307.07248789528524
483.6429010909069
292.0095197541316
591.0797952012718
266.6650351135398
188.2841403730891
608.9983688227762
220.542969787105
732.2255618911105
203.65995935662244
382.2842788585178
494.1509308250152
133.35818694259777
780.7567588763706
359.90048178936763
206.2692259280338
179.08049533402868
406.74502623957363
511.4783323574099
809.2256914983491
428.79619142344006
695.9815528233551
156.38168967024845
587.4548133256438
273.0097726051103
655.4541809927988
583.7174817224831
205.03186853519136
384.2081868696621
519.3936392708139
445.7031411793948
628.0254540457942
258.6349051695339
460.62763850896823
909.3855541086987
628.5400029488545
867.9654921884473
129.58962314205783
514.0702570254585
321.4820930249529
879.2470189092289
201.88788672790318
616.1314794525874
539.0467474871756
972.0521888644149
466.76746693245445
157.8882522639763
559.9147923082836
584.8969934043874
385.8009981741956
991.0298817718201
576.8346219306942
761.7550527698007
185.90202245155928
557.909722304776
965.0010225384634
668.762410386402
179.39379159873107
191.55442316306937
392.78658344087205
53.803269499682536
501.9518253594507
483.0616583126915
241.67785528208475
341.24998996918555
700.7131266974628
558.1009398873005
680.5961487141284
741.9660267088061
842.456599697344
265.15351363373065
604.6091793743434
426.7790111698389
673.42303843813
417.44719061736964
625.1881324665006
203.2063535283585
399.620331748351
583.1646679836443
510.7170595982997
906.2463179865595
94.18212591272325
428.91306668150133
802.6083854516735
325.01886160096427
609.9121570326361
469.860088534975
334.05736429818825
901.3049417444882
414.7511317081219
434.7063212399711
209.74182676789664
588.545898033163
405.76865114649473
871.4610028817698
144.77053056619414
264.78340897022855
243.17336528311446
256.23020503842326
588.8992799413935
447.41915216748913
227.32622569266485
626.3052742017912
417.1427969031482
608.7043665274161
429.01916275843837
1168.9657079407316
403.26398366820007
84.92932003598705
280.6876323094204
727.4893412202218
507.3028528976161
421.14504850695255
69.2004959437824
198.55205322550907
465.3408104348127
366.47879984020807
277.57122290331245
122.45146242409938
622.1189122000108
544.8636210596891
349.9122050681007
747.8008800585376
483.3646645890372
446.96942259263153
296.2580958054735
464.6523591566178
667.7740815416463
663.9601505256626
861.7936846991986
620.1991506792122
274.58871692538145
285.24895918719415
590.4285545755254
217.75046226355633
765.911156885924
366.6662573759047
123.04532783979992
193.50533217075917
299.72556229120795
1003.724765760323
800.4845844526276
449.4071175356134
290.6670246888967
427.8491141654209
818.2326674399088
583.7081588309435
928.1386326132292
463.9076735996683
901.7673193515701
436.078610434589
328.8072081336543
416.7955750706081
343.27466524639937
441.81591185471365
502.5490640019887
137.65977711596148
652.122945612373
205.21076196017916
721.0000663616321
598.4357287614406
748.8630205997994
180.32134110487945
408.37909356531287
1035.9201688306962
128.50763045656885
402.29387112939804
595.7112617201213
266.5679141143165
652.9826175412468
370.40041415227677
285.8736164710443
243.6746306961696
511.1429079400063
665.1969586478048
212.34598856318826
347.7047527325582
399.8429685594607
868.4692065417245
344.4163743435715
332.12404209107814
180.83228559565995
811.3485724136638
418.37720754550946
787.1400395112548
185.7806923886193
817.4649811409188
182.51332751998254
343.7714774325112
743.139799815815
509.82919708893684
126.48076424235633
431.45184303648136
747.1323916647723
855.4113402335873
1041.9099188682474
469.1267219288681
723.3419056070667
347.25700214944624
597.4998625003659
515.9230048572201
436.3194520742637
954.4299990231789
146.2268429222935
391.3582344049086
280.0063166553625
677.2975294655303
335.52702949838294
694.4762016485892
639.0278505755858
494.07775345081205
1127.5680582427128
66.53336382752826
107.8039381181579
129.7953196691815
166.0477639333116
288.00481527816015
546.4417425279714
888.8385988391551
685.0368486465483
503.0446706892577
689.3417777900355
890.2576906524912
365.6069142314136
213.52405211325413
676.9736827757309
400.9163324910656
938.4333015204319
596.3886859239177
221.51512063861878
365.1186096857468
617.9966336206943
319.264271161807
214.564283059162
607.3826080181311
880.6606159553676
420.1124671364818
299.16249278954956
238.57769247348347
352.6977700311869
345.9579317364387
974.7193377090766
195.59210730165748
696.7376984760167
524.7328467298126
432.6069406164496
742.1036904594968
434.0274516653368
416.3606966837935
163.93141002412676
369.5242661003815
232.34422083635823
326.5365350045038
220.49939849665975
619.1201437733722
319.59460122957324
377.69545408383374
232.38282509495036
848.0933798149326
470.19659897504624
83.53588149648607
561.9521230602427
236.32164574946773
786.8176718951217
220.6653050058597
731.7834038953883
292.78777078614706
718.5620996977799
233.4675635697618
853.91963414362
322.85055028127647
270.3336082045484
515.9545551712732
112.49114075684646
635.6904678201763
339.5205720549991
436.4060335600219
575.4129247471003
825.4475552800812
561.8706226709558
221.90422970763447
161.67560587052304
622.5563315423768
778.855969493833
146.09046236734181
60.97405945782978
636.9727307038448
829.2561665668977
339.68405147868435
522.4083324895938
832.058268638975
640.0924391116847
311.3764064143281
190.92610040169825
575.1046365169354
463.56736654508245
793.6849435356243
321.38893914670155
264.91531533345204
624.3907691496115
1060.633620111774
316.7962815707689
466.4153663393327
538.7315001890527
884.6992961265545
330.9680915009128
996.8104463594691
719.4221003662348
474.74487148697244
449.7217414569086
78.2105208707261
466.68641129933775
834.5610339645805
780.4117525099689
90.16431148811647
472.1821149251491
486.7397700531716
361.14921633429157
134.6116110544375
876.4579303504901
350.9010084129238
590.5624175499009
438.5220847005012
373.23895965246965
206.14582384626064
507.2444007185558
409.23417892303047
427.3917245683116
315.9063528108688
157.2216037111455
325.3655373829348
925.1838947334197
33.9679105262588
543.1250439438247
1233.5073395917632
442.87490578948723
859.0172522053232
360.9302117687347
870.9308918876824
475.2804518115741
904.0190699093254
562.8292397729707
567.3592459136432
245.5268004332944
504.6826194523054
287.9499879474167
333.4566969151386
331.26600400169235
495.21387615400346
724.9647363578483
378.54314343997885
411.5444924803597
56.40956773696607
421.9483971420392
231.41673593361455
772.2425174693626
113.86433742571216
831.1911572945435
331.1994933961424
641.9303740767111
270.4800350896356
702.8124690765234
676.1569143115655