distance
307.9898802373992
118.84872830114696
164.33233252076494
131.34232137731556
239.02694091135214
237.78332758609776
192.7100255850598
216.53712472928706
215.07026729888702
213.3192855321091
139.33770082215543
164.51079549804885
296.981594678005
236.29449586178552
188.03364922950857
190.2881985347227
459.43729318060196
189.00683727391757
337.8151280761758
393.73930740907406
341.5803485261306
193.57686837812147
187.9048208817654
185.54216475675045
125.48596307414853
174.8410653752383
317.65993213461206
200.66587350963957
142.20078741181027
190.14217835763301
415.489292917321
182.7783625402744
168.8771391140834
208.2262954651652
81.36321883441802
469.0158544826694
221.40767275478797
67.52640649745454
210.62333939061924
432.05245219481566
175.98744940252803
151.645113394554
482.99920561522396
379.3380664987773
123.79793420520703
282.54151189854406
265.9611977380849
140.48779864572649
47.00585542080529
264.2910727379593
152.83437708504024
341.5845086977985
327.9607722812861
379.43057521371065
189.9265040803053
334.5259615154393
34.29983546292665
130.5433648506304
400.28198492626206
58.19833316373302
426.8797930264042
219.8185770046779
260.6564954358904
241.86522792454983
138.12722249052064
253.4583402169478
174.85792263721885
177.63350387351673
224.94074124862712
409.8003542745189
452.73100490823543
247.481165256783
193.24903584219254
38.08743534887789
331.6339883250989
363.2351164462048
507.47445575197855
212.6204603465535
327.66118793854247
334.1128262069841
212.0537301237208
208.6278991785318
226.97938446926514
139.97391786244947
100.86151884369986
198.7965512468269
381.9869206690481
171.59542086495034
270.0363221017764
373.5750337352006
322.98289348320617
325.10982489309055
289.29543435626715
178.20698455547432
312.5678181389205
241.31107451925217
213.8293562664102
223.4489797363695
381.71068602150507
218.8363160081819
363.65023818339523
198.64513628494447
251.05710647632534
193.8021995050678
312.59808811965974
412.6715220484733
310.78291576340223
420.4169706762017
274.7045749636938
97.90740587175574
124.58881611966885
230.88276784833386
134.09307448254233
49.37547169505453
199.73698063260144
206.47771686495457
280.6921397382281
234.18616716976882
91.16905750719788
187.83501710985513
152.88105631813832
156.62094868300755
197.40913603102388
153.75592943174647
63.83547654775723
99.95311085063985
243.30298128722188
397.5936564532445
252.57637848555126
162.6890755293312
164.1551556018987
109.41315540006514
381.0535081136611
142.31992181892807
281.9658501494749
326.92226115848507
100.7193769546223
137.89819914960964
220.54283442912882
236.4919024577035
332.7749751879957
78.07494844038018
281.49238888939703
434.9170360008147
142.82137154406905
409.5660755190373
87.95252789492106
56.36360148770021
254.48570066315173
396.48922886527225
338.3301701019964
132.76613868674823
210.27534541743645
136.05468389332802
184.53918630750042
163.3571054834645
230.91907690180017
222.4816185110656
110.9065721984553
30.943982433294444
49.261255484390844
303.65410280930894
326.71983537333256
83.56399505676139
153.664405277055
281.49505460651153
125.4534697850991
144.3362327383577
298.3457138757255
31.333034525642102
411.16071231475786
166.63604410834176
302.483639798566
220.39082574893808
343.2266092994516
257.4669056283393
105.69269057254718
186.80660998585464
246.6589245743182
316.27917079434894
60.772816236555855
277.09376446512994
251.05627944901045
183.38005882128715
270.5483648098921
225.52132030299614
158.74746942757818
267.4421386833272
177.78881846404138
213.54664999523192
104.1167663382683
401.83985556388444
123.83587690347287
39.53657427554958
174.32354380246778
201.1392572356847
217.7723899656814
262.4666619909616
209.91273919333574
234.7452550092482
327.3727916034786
229.9346835357896
216.7042371415766
176.15800667696902
124.27097097373156
257.0903915936852
261.4131350680673
205.5411242682056
286.5580050483664
368.7876582368781
87.98482270237835
95.16421394786923
180.98921258415572
342.4421796014794
58.47576654055164
228.97405243010928
216.65263931970523
257.11062930871475
327.20235071348503
301.6371159223652
162.48822458043998
155.45762156324864
231.656078991123
179.01383134236244
265.70662643913704
350.8481495776263
283.0942166816194
152.13296926210472
63.77847574578953
148.4130478827128
231.1394913779779
179.58947219033104
195.75443243107478
195.2018546507009
72.44521524917567
289.3950319888786
129.6707697872699
232.90821317807976
310.69864285301236
266.42388860368726
173.29969254060785
227.73678383003534
246.731393311201
155.9480586447921
116.11682892424975
197.29983437957225
351.4459795429024
171.3691539094284
305.20717490734154
295.03753118674763
250.82641817053835
135.29105216715237
119.01480718853986
246.0130852190292
239.95743901192023
117.95801183536999
136.46301135901834
184.60379342975753
122.2971665240153
101.96872993266818
297.47698509289336
29.120951710409305
41.73583003791103
241.5252389417351
204.50504524290253
383.79451252220696
53.43694285231614
86.811920506646
325.8868058572073
173.1924492410502
248.1429928466603
267.8975227165054
342.1775604324025
145.37901224344594
203.55766984095965
279.77623514062816
267.59452668078006
284.41451550258273
265.7853286020875
184.54917381977495
372.86033013206224
149.44543109126363
287.23108867266274
216.81612377740305
155.2161205069853
161.7442383862063
226.59372242267236
73.70520483907332
258.6312595177186
84.70867468179836
204.49497566758404
387.9571166610575
196.45669065855148
281.52248437117504
197.3400559941026
158.75432437468203
226.67623236352333
156.05815873982178
242.52348341979337
301.0633643927164
34.49992240216274
80.65782845520529
466.14031278725105
232.2251230841981
104.1489613828498
105.58980557199426
319.3297497253584
211.6606392694335
544.479078487342
398.8297629734997
267.99171708256347
50.435576498360916
134.2337488020331
38.736608000659594
161.52693441982925
65.96956974914612
119.4509037147588
139.97772627462464
225.5807021575465
120.51656265974964
75.74292520828511
144.62891276908474
486.08769533148075
415.31886618430326
419.23669264869005
239.93559274758388
176.70387857020307
168.67113213449795
160.63403917529286
89.62426375768703
202.7118861091775
110.38254323773256
128.40420282161446
174.27705833886415
253.12850513958773
198.89422790909703
304.6693773281861
124.5115272347492
426.4221629679788
268.13102842268523
344.03703473894336
51.63207383603161
225.48171822273758
368.2014875272302
139.3641203330351
269.92488359245715
153.17059237739684
95.8746907742287
268.0669748814218
240.39073190828708
424.6754164292792
308.79126718311
311.8767363174734
176.47376769749468
461.5101144471812
272.0691140096573
289.54305371888137
192.9450294662661
176.85237101564988
145.6514132587222
232.5520246154775
94.21025231467743
151.64723571350373
42.50325732069531
69.59303183951641
377.8804424379978
167.78612173011646
131.52859158923343
229.62953077988274
274.8009050310735
17.085044603829527
101.60934868886402
221.45732028595654
201.97723416954926
213.17946552738397
200.3087059044301
136.41285855859104
129.5447448489857
232.2893700495114
227.7819235289069
73.82417805251531
341.80172302652767
258.30637005594406
324.5075003428382
141.34606629719204
263.314012799384
85.28446513180086
472.3850932520808
100.54732825073683
93.23685053393088
320.2788727649652
160.12612781783452
301.28613485025147
293.94684756804696
97.94617631584295
335.56251676508276
469.7920807917704
63.8522064478774
123.76592091760799
408.93845228612133
75.24295534296672
240.41458327620126
307.579279289192
170.2576548763026
51.85297888088238
146.24749363552525
174.33697655030159
144.44462905587463
305.1606515788486
350.70788819624
139.60200699552445
297.77873934973604
149.23391813610937
128.4000047751965
315.30618215316974
162.08230668540614
236.30101240557696
177.51330334314926
337.00645364570244
310.3287242284499
293.25190472895775
51.14274257864287
202.82140135726598
37.06713595822252
497.3349856427195
262.3101168054279
52.19895794531975
473.3721485068863
167.89369794018359
267.09798272989747
258.25420698579103
261.1889866899796
143.50845433043844
133.87959668642654
76.08439198759504
275.2154270219038
74.5657400903245
129.9012499484009
437.86024550584233
286.72106698026073
63.06593460265117
168.76477303162474
528.2680994944458
109.72407746598466
114.98965847878216
339.9093838945554
153.52505849009077
67.24195569686009
66.46443444497969
389.9179386959457
47.45158116578089
325.9309522501688
247.87524283881444
181.95692354978206
206.98009499584606
176.3459132534199
196.62849602789225
151.33004460971324
124.47727024981214
45.43284020572026
154.6219550890351
150.7951620427336
114.50271449211962
290.4766120879493
230.9320903974118
101.05514340806755
318.66004388371323
153.675395990612
227.95102883177432
224.20977169243105
267.7505953011995
201.93313175768165
120.25737312216064
184.23462622375095
294.4570665709391
267.6499015759539
28.26784577633652
327.52646963329477
364.8664654310214
82.41081493082302
358.265208065451
271.0835390240717
80.17688952141566
133.63265228903998
168.66254644683482
138.9504464989842
346.7004875193356
226.2887207622897
326.91231982478854
250.22153878148262
176.71681240839726
244.22570767888757
322.31853646412554
207.37672096243875
247.5551386384009
69.32371488461243
119.29353624899807
300.96412575322114
425.9836951156004
193.89540158379845
274.0309040245313
203.7289950352505
475.9446647248193
249.9919392575529
193.57529814513228
159.99459730100918
314.02333392704315
109.05150394251949
165.7807445885942
265.39944188518297
139.46774896583491
319.3312081072828
294.224174815818
232.47774570502855
210.61659577494007
289.86818008811
305.55649691366006
216.0373235125948
58.71769081425681
155.18282032002938
269.4575377984827
370.80949336924664
611.7925380361045
336.03867292005896
301.45407892277086
95.50409682159511
82.54650273372498
329.71938394394635
85.3284347516514
289.373030154289
173.63517401664006
405.7299561692847
266.9182052421334
198.137969092222
192.2233493947936
316.4407498351483
392.395173329154
124.80271984860254
261.3633087306948
313.0144859867126
210.53754686284094
178.1786044794777
206.94020404631092
327.3589431553696
320.85754318459954
165.4969673622157
253.4548653152986
348.7309841925332
223.93313856075227
272.68220222280337
189.74176593010793
207.97829025523123
301.010957529928
382.3325841608323
157.88439494432743
184.19276119115636
332.6510831177457
140.1303006333509
243.43616531650278
58.75074743378528
161.22193315746597
270.90453213748464
214.97106055579323
123.69114806451007
269.89937479963106
269.48491436862946
196.75939628736074
277.8627185890197
456.4848103866449
239.8693528313335
282.11225631026866
169.40757654422592
149.8898011244237
293.6437029851335
174.81060067406926
47.00936672923726
95.195203466039
276.0782111899991
289.3652651363183
104.50240620666187
86.9666156427844
133.70449927463048
288.81430325976714
151.7144861503701
412.14131566359174
112.46791289475108
202.20261110914552
126.393197680249
191.4132746746383
269.71938354905353
38.637617467701915
255.24604696770896
269.8851480195158
311.7588841538325
198.4703122754612
398.4911095501441
110.10123896179226
306.4011714930983
205.65753412110288
38.35551035176899
197.24034460925319
189.07953870071853
268.90543079366176
166.7663693390412
444.4775142458133
373.99820288353715
229.36860939873893
209.7873166614597
85.0293216096408
162.49394945079683
298.7028236780296
267.22506827670287
146.56532882800184
183.18231950589225
113.23850777043626
234.95703321510163
84.86986677855002
224.9124800608816
242.81668908579587
287.63057362242887
98.29590766702923
342.47045134415976
93.33142584797646
115.29464449133248
51.86923561031368
522.509774837752
119.43375549802339
347.0674641925334
258.5213042667131
97.77139726183796
325.98819186786346
265.19422973954136
96.95299164492288
55.31051083551758
213.9304056332312
193.24863264575387
162.5854307483745
153.26112449351587
63.889077426868624
73.44737184700047
181.27168680959394
106.68804375190463
232.4607992823537
338.1370268270687
303.56434562596917
191.3832459285336
269.0855223277342
96.55674482638528
239.11867590006347
72.86507321343726
315.04040714879204
162.63243988823604
162.78824691821526
307.8281462154224
335.84037187684464
144.1248765990948
121.90401406735201
92.98630244123207
267.31424396858444
263.45550155282024
372.905918388974
203.787776434004
265.4478153919754
252.95473289920744
208.70162798891693
328.22388407614653
48.2762281684017
282.2642380076404
436.00037902277364
116.34930739035187
216.58187024654723
269.88817419761
66.50540626646814
306.3786761562818
206.4162013131674
133.21923111718823
242.1623491726741
268.218367434802
241.73213544547318
206.67844122579808
385.33206076181176
256.8092429889879
230.86570962742692
179.92983936141664
79.58202673138288
184.62596970757735
114.64745222157808
72.08328177901531
184.66214257934573
301.3051378983056
311.96945733855085
229.3413492676204
193.44286616122616
340.68968790684573
337.9242597761412
201.0649376006453
91.24906960742584
305.84640029788227
108.59203797393873
409.78321959862404
102.10138427609586
103.25023010490274
198.55569902076297
261.6212356458717
266.7099411019291
117.26225777521472
87.76280940483983
181.41807286504917
39.78627318242284
238.04100470115443
271.2174721687466
262.1419575133158
237.09153548726258
250.6822270680517
289.5660306883613
127.68600380551854
339.4634819824595
180.78469187984518
198.86611143492004
200.58896954740004
285.0760435829459
37.70827675573858
112.11379809586728
375.1421079339003
190.94284149353985
147.3223127195294
319.65917344492385
126.70246015368656
163.81754158687988
374.0332895764397
283.48768583264643
159.7605564926722
201.60159179200218
174.33482545543
100.22659888936445
225.6280479591015
79.4708440911939
152.83159319500504
371.76333940736936
84.53271818321318
255.27186378026008
128.72288565516183
303.6835377575689
103.80195345532749
360.21052367697604
117.79029398218813
243.4275803548086
309.6051237542891
289.35192244184714
248.0137428913816
215.02067187230188
349.4767304103107
282.9287048198949
55.52883454198094
272.07108681555724
216.4005936546121
229.08785581084422
220.10303828242425
196.62979206789925
258.71780519635644
61.421306430328805
91.70041691708376
167.40571638003232
152.08304228522564
334.2338007600473
197.69897320426472
130.51643122380534
76.467041176715
423.3247805029221
402.6829539756568
303.47321032790757
253.4766302946017
287.1254843492617
181.14417768165632
315.61795721935596
297.22607448854546
218.43371195491463
159.22241496920216
245.8289227371379
95.31663460286465
245.62853959912633
199.82415901974457
360.2537300778976
306.0304816760777
361.1795929030719
59.34047797985881
588.3284355890731
87.59684896356639
301.37024403859607
143.90680825524586
211.42776195445092
54.08607957677114
78.29835888254664
213.87850050297004
157.86941038556407
108.34986450025647
249.66907433716074
148.67147657371615
253.57279835448082
251.81479463458538
305.67956903961453
304.7339123541605
228.14317274533974
163.4004847120536
290.8024557022616
268.81794292989133
189.37701307789214
428.2724485537882
157.6208467605376
39.6718563348857
260.7866511590664
44.70084283991254
157.6299559102166
255.1175693720484
131.38170984051408
241.41090047159463
93.76043321137605
41.38676323400366
136.71530074319654
61.83739806696961
56.37139013581127
154.4957691416908
288.37902999854765
130.693492740844
371.4106872903775
243.75526840349994
203.77827491941002
407.06180369277297
241.22098079939016
139.14286631124583
309.0553807088369
317.7746528016741
259.1011079603478
279.3455508908145
263.04322372543646
311.1763644150943
357.36520749105574
341.00915490128506
108.65700362176655
410.0633276438141
340.74081102316643
204.5068503596345
290.42538673348463
394.56165521779025
341.40269349006485
50.736105970796636
283.2109565351953
206.87448084550024
92.30890896236198
349.4115138410586
278.5135317423301
60.5143761921638
119.39509352648257
190.49730135944782
264.6973274245564
460.89110276360617
262.2883948556936
309.33496820392776
382.40662170939345
241.40532990011377
269.8804407326912
138.16271635171475
73.14947294080223
70.38676951093652
99.12434092815488
287.3390517798482
110.13355262287344
140.78781454361473
279.8742535997047
263.7194894375264
259.18798430211
347.07165933088015
264.65307395805064
158.85333197888085
261.92050699376716
234.3823933425922
41.701911583259964
251.3772096900752
322.0353730380161
222.38304084051362
112.11454781824864
264.28298240232203
117.39771802875532
171.12054277634581
143.56418296443175
205.4701482415102
193.1209109622142
131.04619901756004
151.03732528842798
257.33413796762284
223.90969340549367
253.79918295648534
184.88260306015124
226.86244696239558
227.48725351972556
209.87304585007334
288.514182757414
240.12925863810577
338.89792043272837
436.7093152028497
340.73868688074816
593.9566253363923
285.8975267051664
121.6137597965715
189.00837731296826
122.77445149911813
35.90683916621686
517.0588854178063
53.59359691248943
203.7677888208904
384.6234888638905
136.25883113628822
209.1213050602461
260.2302386064768
234.8898067239085
109.19552556792938
133.00107225955566
103.63316481110171
102.19840879569497
160.86710741064908
62.34717925426036
85.77722716882211
366.53633568162655
217.4197531432215
195.40138042541335
191.36458107042324
375.64877370581536
201.02880751582828
297.17126690522446
115.15892370904672
128.87426949352604
239.04219650545977
138.56445908378763
66.06863569333062
91.76526680959624
357.34965793100486
366.2053898204026
194.38136584651485
412.73192111861607
172.14470095427245
279.44082939046314
391.62181759401915
249.00305477371518
112.4330626094572
139.00686770460652
229.7583586743035
279.1603332580313
421.2132652877065
237.760139551927
376.6671902352139
175.55472922746227
146.21673372653922
207.37038946031308
354.54233269038656
116.043901612848
157.72721936822086
104.6378469829657
511.4564782892812
218.72260930447464
100.24288389261983
180.83551324339157
174.86050463700352
358.3672130587813
372.0736826724445
137.00769243570602
415.9824392351089
144.23658219523227
285.530552928086
234.29671002004207
279.3834419671778
135.2832576598657
133.19027370000092
442.705695251135
290.2674957314966
255.59101307464078
226.4803224692999
139.424409964743
205.7782649173455
106.66658074796874
372.6170055919285
388.31540214551995
249.68826013607355
76.22274088449656
170.6962292154138
109.5924729170964
386.3083617143368
200.18609341968806
185.70537517209024
90.5447151125024
73.94389261137279
163.26456817132927
53.508362955411556
374.79331151266126
172.18921033116902
343.0172449928235
239.9778463663066
171.89182494511024
108.37908857640603
55.82629260916869
235.57482055290032