distance
1195.7884770826363
716.5931221813114
699.129220053575
1947.6756750780198
925.4569496484402
1441.476259380449
1129.0181779622308
1301.6523245394278
565.5413938542665
912.158153366727
494.4375882433076
1239.4494600986918
950.7797378210226
348.3543232173243
646.4050917185555
1376.1194601581572
586.4627389903013
1630.8346418994954
1026.9661466927198
737.7491212254257
1253.0992030720074
1063.2121518051993
549.7833162672817
213.7622577499758
1322.684567587733
861.9999411151401
1021.8853776080252
1433.5065164639414
774.4689186024115
1128.1092178341858
744.553010870844
347.0871680589519
1621.722918616829
202.72648211535687
1063.8466247449762
1306.6405069562968
486.0585766633069
684.8670290564534
1196.3637993109242
1298.9459601127696
575.0453378748846
1095.2840878096406
1484.4315502462969
1298.9713481045328
601.7665158199911
459.4030381239037
326.74452361334187
323.2720637639582
1020.6583739000139
1297.394946666528
1132.8365692362956
1622.379589621194
654.6121970364599
1289.2795617502682
604.6012345375249
766.9680837909895
1694.6571902595879
2057.2903498819055
1322.0693585781187
383.825617066459
423.645406319185
697.8144334540697
890.6532635527168
920.4845750715768
1013.4173171553857
1242.1570746570746
624.2555372135744
1637.6428091709836
518.7040856270845
1068.4187936692238
650.3925783012742
331.3843422605552
824.3514419473124
1126.2708787686322
1456.4858969920206
974.5637940890117
805.449744941634
1061.414775446957
819.531306824021
386.8524072834385
664.8567534444686
893.6942205395956
862.3352451266649
888.2946729082736
788.7599975757004
1205.0575786911343
1942.0362532072504
1753.61304269235
1148.2198825916641
1438.326512743922
760.7286965184869
962.4580324662213
476.7500370153932
699.388211239598
382.6874631781409
1093.0772376253913
831.034400567328
956.7769204050277
1153.2447070853116
1203.4433736469553
584.0419706113677
510.77220582109993
1045.9139369917239
448.80007768008846
835.7937192712471
733.1560665747357
1085.3534313384848
448.4526327645201
1938.0067475958244
99.17480198297919
1323.0397135713597
336.687533378006
311.0495469980489
625.7986136579349
1113.9776618642907
1389.9691141576538
448.342726953659
565.228473319261
205.6590961893887
1095.7056866516677
1443.3604545789503
598.6219981169834
217.91400537833093
1337.520745781648
755.6648160053647
1474.3554599707993
1346.6916973822977
1365.618745718022
1294.5619017191461
594.9042298938027
1577.5363946101968
407.35929507620756
1405.8407567637514
1319.6443910792104
1035.6102821067486
947.6564655026447
1375.7806403097952
1434.8929168435973
843.4768127358274
1084.730829650094
2156.7254942605314
540.1737217574479
1367.525838056041
1048.635573853512
736.3130918435801
269.27733127422937
37.75258195474591
820.7775701033593
1611.3580617881207
1013.2649479776186
827.9876596417647
1247.4527839399113
382.4944798654464
127.62508013686313
891.444410522103
758.869821997875
802.4978023991523
1481.090280930827
545.3406939617948
1232.3984739910052
879.0701182271739
1006.5982412144994
1397.8771882788358
2128.767200972588
1244.9716089697142
870.4847076022226
1441.271316308835
959.1523632554234
2000.5454406197641
1225.702049896236
1290.6874970204312
1263.8086723051497
641.5761353154463
1388.7001563602603
1215.6457222374486
688.5378963305171
1082.6404251608244
2232.8945734109793
1385.2233400400114
293.7541355334922
795.2880343356637
1323.8812718127672
774.0863375677047
381.3616654807196
892.078666096319
1876.7581551752053
1500.5548825127696
244.07640191361114
2582.4925013897564
1360.2829104866894
1909.0989439886278
990.6992626875054
477.40630968150566
1378.1644628423019
1446.0430838504537
291.15697809115494
672.7718359415557
1025.8424491767466
748.9361335923712
1109.1434025655194
1087.3469994277746
1093.385508723585
1269.870821833874
283.44571355957214
298.2076973434306
903.2619899962153
518.462265255326
1199.412695839668
958.4776972404559
843.7482202082163
985.4232643323558
234.07401870300686
232.1755450183886
1534.5873401897613
1436.319524159233
290.0170707705626
1788.1655749261479
1104.9362068910211
1009.7942971649554
405.3543537944574
43.32415557355198
567.0248824780675
604.6045940350477
1734.969437148276
1368.7492153584558
1035.6034677811583
1390.5884961060135
958.4940272065754
1270.605332234917
1175.5132652277239
1125.3699970222058
898.3503656128961
1266.2415343326907
1934.88310426489
969.9275883088978
602.599375191716
1763.2872101898831
916.4660946260416
805.145584359676
1760.1585920699993
1601.3652651971652
889.004311108099
725.5000242702706
1309.322032149552
428.96736238285234
479.6521831916361
1252.0495004731404
1007.6534340306198
1013.7650537202751
782.0839689321942
580.6073892222078
1501.922214957154
1364.4781710883829
91.90595460360306
617.4093329762204
653.5314225006249
1574.261420022461
242.93154342529533
725.7061996232402
397.5526431435022
1229.2896570984058
2470.6602071172447
1010.4585458253925
441.4415214887367
336.46107541896606
688.7496229888204
1073.5718969909503
195.13993523122832
2133.7021751188413
482.0870233005524
1145.9015449388503
1026.3813211847728
2072.2395024599714
1087.097447124852
1516.7770031903733
755.0200658786863
661.3811566019589
1487.0568017971236
1837.0908388983908
1162.454010987624
1482.6128773712683
607.5245823234899
1874.2957523920304
1050.742540563925
1802.636522121978
1046.7472874820717
571.3666948899694
1616.5844909347022
1742.1028369891585
873.9825026785084
756.8967882189628
1049.5532741935358
59.0080572017542
1008.3807083022338
1610.386021149522
1332.8164806996294
765.5721152702039
523.0516959949372
442.76861137297
1970.1175074393773
330.5775146649315
298.58722621775274
678.4371801417518
1468.5670598033498
1352.6815931510291
386.807190210772
471.24871664027893
650.5789647498522
1590.3154120294857
1577.6939925819745
205.91048649749953
813.7838205802946
1307.3127966796146
452.55700888156053
732.7954542707755
984.4857252995996
1215.6422034601524
479.7194654525278
1058.9751289264173
450.5924803009868
887.7797211342753
509.2605827578354
828.1216678187556
856.0484131903652
732.4396805401468
388.3089951132347
745.8736319011725
1730.5367336292227
731.6315239838324
239.7227767173963
151.71888517084813
1177.698707926934
1419.5842729578735
750.9699166137283
1113.6131093415338
841.0656577955122
1799.5844997214517
1186.050867797777
588.4543259410917
228.01524577196525
2087.0323081767547
463.1514750617683
774.8875273314941
1266.40898222839
1086.7335751796468
447.02907384912163
1332.27706561638
646.7945795945529
904.9048871283434
455.9493868739904
1139.1779631275226
264.824180021362
944.4946255159294
533.3437519985591
210.86971734512386
1762.8761322952332
968.78099528292
998.726034900942
1033.8965642192913
1643.2371642057876
1534.9464355031698
1081.9534053019074
1356.1814461408142
424.62747461640924
434.4329515700631
949.6882903108609
405.65525517363307
146.38768912775586
987.7426804781454
1047.896084650569
1439.1775942245877
550.1571455563279
2135.7844959063095
1000.5037901347491
717.39704796428
1262.748866535534
1797.4477475398776
784.3456533556251
1914.244119872024
1830.4973084939477
111.12551143865441
1117.3270766358569
565.534475948871
535.3702369196329
1797.028575822883
1019.2590728054596
1637.1144336563093
173.01630372947628
932.2682055495771
219.51131015846877
1358.1845708310427
1902.5495475245207
748.7178270918059
1122.263141825785
1365.8634859201945
727.7683248502912
1068.9456228736135
2131.5880712772087
357.0160767450022
1139.7858984383388
996.4812260345512
1168.4439121730218
671.6987809812656
857.1695879433001
701.0591072195039
1465.0617150803114
1585.8357925117555
844.543466790188
927.0666159521307
447.2648981044783
519.3822544978582
393.0280550951845
274.6206210348222
929.2400153123557
2135.2494438817457
1167.7111220352028
528.4469661897432
1663.7181305275367
755.119078399425
1523.9009078175295
1169.2622709623056
926.2229806352908
713.2147012375833
783.7521767365913
902.9358805830082
837.2539364816411
311.8767249267111
1388.709228085468
1742.0345271698695
706.345783443196
1173.7643634505484
2022.857796511399
524.2893844424208
417.0082672045722
1624.8473725309948
846.902588816109
1613.6434012427692
1595.824098986784
760.3469597956843
1202.0009777442767
821.3363955914401
1267.6945154106686
1859.5018265824558
914.8685719633478
575.811609240558
1407.6847398030739
1492.6197590031447
200.5909871496768
1361.9331874952982
930.8549391381385
305.84717761955994
636.7689472389493
2486.7808301191317
412.3281316232428
298.50682171857363
1021.9770452912662
1739.3256270563
2056.075406261016
749.8247203300681
598.8972145836893
535.8715492355906
1438.4715310468343
896.0514866471902
1249.8624842068248
626.1421299643795
1332.0209386165975
321.16188900046114
1029.9730877864208
1276.1722467789323
389.0482431116796
1015.2567366339953
1155.6908160438163
1288.0128211692609
1481.9985929907689
726.9936677637766
1832.8444304752825
1347.931639308713
392.7632093716248
1075.9337840309158
1451.1275893870534
1415.5620314283349
677.8234136413628
722.4099603591252
331.176036197764
730.8964688058534
1212.0452632838546
1531.2030219726016
1160.08691799586
1119.53815389363
265.4552135082771
1154.4396956372516
1161.5070393722851
895.1874626182192
520.1583167882285
2467.9487624506555
1160.9939593985127
1189.4451653282404
1654.8240930095035
953.8212757885653
752.4831863664855
258.4571230423607
1760.8623286576424
604.6319622735615
658.689160260468
523.1518313441095
1108.479044292811
667.6736394596809
1184.4736336769267
1371.9307514454695
566.3362292392783
1213.0129195617164
884.370941260911
1085.467972169006
591.6888001626211
712.178431359429
695.2970803533749
1195.4245451096344
1229.9939981512805
1451.619130674833
716.2309518857846
858.7326339096171
1246.3637278249412
654.8843111798342
194.4218363497698
1166.765346860778
250.47623859575836
402.9095350380489
1351.9929943042625
588.9322187939961
843.6107677277276
580.1866003747681
654.6163003286641
1505.2269281362246
798.6117739932221
828.4665110110209
876.4916136117104
1444.460298716096
667.4778490309822
658.8712006652167
927.132752490289
1368.3533474189128
1290.3915717045745
729.537117142891
725.7627346880952
966.4348573188844
345.2931985927623
644.7754572633161
1127.8992596135743
365.72297855723156
762.2473399243859
1413.2004548553707
570.1891866303954
967.1137094773504
420.26592668280097
1858.3538297031942
2438.360396606305
1390.824720023693
1625.5976703275915
269.8650495951201
209.84955868694735
1501.729391170969
1293.1188696744794
825.8967258623336
1270.293852925508
1054.7447879867163
747.3441267331219
1071.0151389901703
2077.8598544995402
333.6549549511914
563.0334997898727
1976.9263287798576
666.0579808772636
1216.4360731202653
732.7808751436191
1119.5040589548234
1262.3202937389094
761.4032539046766
1217.6926737591991
857.203426944412
434.6443917628981
1194.8223652468346
1139.090666184155
719.9887718921425
825.9552443734049
857.2589763744177
333.741505035143
893.259412858954
1871.9485392095921
307.47440990748464
752.9756607706255
967.7603080784697
1435.0584665885872
746.2438377937834
1046.6217517621697
424.3270206475489
1857.0842966884945
786.5459595130238
1359.4620293238904
1150.078435699033
1279.5171714655303
1240.3060756024763
1637.3783836329994
1302.1610114002626
1368.1236593151382
517.2921006887989
191.53246788689944
1041.1837973221066
694.5941675352512
794.2743342333383
1363.2638494856635
654.2168970247124
693.9331600050343
872.1431941644205
331.21751969386855
798.9380821481333
924.6887794307657
1348.9699861731547
551.1621806338215
579.4096694964887
1271.7055456800063
546.5353674910674
1367.6526756195458
1658.602368322996
780.7875859429108
378.0603061226137
1183.8695707716415
1527.781739979167
734.8142589684517
1337.8645396412994
1132.9489922063235
877.3849471810789
958.1219820180603
251.8112825500183
1015.4676093192729
1042.593699128245
977.0915022910822
881.1644609099866
503.28946906470406
1252.6879495096284
1122.7457114686201
1160.4949381725742
1174.586704489981
572.481499724639
1121.6660994193126
840.5060635884022
1264.4063970559405
218.5818820701175
435.1537483616271
1278.8031989333708
830.9795193289372
523.0615139315562
1002.0417597817781
1864.1411605713786
645.7782245165597
1409.309586617414
608.804702565583
677.5408597006845
382.7964842108039
494.74142785680056
178.86124770443615
1486.1732126914978
1271.2484259924547
1436.084972811065
1267.0131491350865
1246.095763357465
1278.2793634689501
957.411832484154
371.2449530680374
1775.9209290612907
1801.3865213903107
1388.7642888160547
1504.780736973329
1402.422635354038
929.6848178932856
203.7754465225368
1192.698178617823
659.9901171587238
1361.8335740093657
1541.170583994988
1140.3611647248617
1228.4983793152378
457.57170951741426
2234.7864618773815
715.0111610584096
226.59507385365356
1794.9023528992655
983.2259578019875
1447.742156283561
1543.196703951569
1579.9873611127782
1567.794758629769
1131.919035813663
1142.1869693313377
746.149201339932
1226.7083557190454
560.8368055505821
996.56572859712
581.5532866503203
859.6963281389893
549.1210044413583
808.6738702180871
919.0970136084139
1135.2363884929568
489.6557800781213
972.6131868556445
1265.5240442667898
1200.520467726434
1026.5518091030297
725.7856114655578
994.5161464341853
681.1658640341551
1501.745699366874
1015.1181440070012
766.35119439259
1285.489627232754
631.0176343152625
1061.8611519064614
1488.0424810583709
207.68591356164276
1653.1717837645779
1404.836533210695
1101.407721961781
721.9320177845391
155.23466882834117
1705.7739415995218
1442.1429441175087
620.9775293875742
707.103978553827
930.3953733061273
992.6910280748828
568.2700872475882
1282.4788596401572
1135.1082059575037
1842.8128565649133
1540.6235630544907
394.68545076672586
980.5083567172913
1797.7921205869193
1074.5558130366107
813.7971865349944
487.7440715287817
1419.0067166619106
1626.1628924365823
979.9089661429009
153.2879726297866
572.0822500269815
1386.042432944806
1089.89498115283
629.8301310041447
1487.2396035966144
959.414993005813
2680.3474652666537
1133.463453548253
1094.2622891201172
752.3748619063106
759.3222696170584
1116.0148020018285
580.7485540941983
585.354954155972
771.7321012673373
1030.8340515779607
376.85499684391624
502.5340964097965
933.5382972226615
763.7356282491237
331.67024594586326
134.84931821574824
1323.6595535859037
941.3140474990236
488.7515484026096
450.1049400991195
982.9783360697984
601.3492978105337
167.5778123108771
1032.84168736848
1638.3214400436134
471.8939287144235
1318.3651655362767
943.0965423937887
960.8702107185875
1187.996967869781
555.7357118974215
1719.9950139095376
609.0482091084282
1082.7969566046816
468.543159531374
1261.990635608784
1129.4330307997432
1280.823358465867
763.9806450430782
326.738833577414
483.99511408337423
1366.5812681686104
1328.7448621084652
352.94287848375126
999.8994259648523
1428.639445162892
2079.4493613677455
668.2907823583988
898.7556150426154
719.9113412186545
923.7643115666796
335.3741795203906
1359.3213065126322
638.4131177607587
467.78522924928046
1579.979111902425
337.66483519476435
822.1360238088243
1563.560019042568
1349.5799921856087
831.7117507294276
1138.089591406719
817.729703058505
943.9853873415908
1034.9551068205967
970.8103977498462
1181.061624581848
1154.0367072844447
683.7257382255517
499.1763662789975
739.6134712211413
407.39088831460816
764.0775230879456
417.4570582257807
1278.8782899915705
1735.3158737023073
1460.5256040207073
859.0059784043207
636.3568522632345
268.0268310981867
828.5086135592036
1656.5077084752565
1360.7831874495025
1996.8663310087277
1643.2730729379168
1035.0916577092896
862.6657365057879
1360.5684274948906
464.2169253419344
1141.1093548085407
1490.2898408435822
1077.2289883704443
1377.1870862006979
650.1544167055675
1159.2581139566503
454.86352761604337
603.8826227982257
362.7921447381221
1009.5818776345274
1072.9593025788001
366.5979336718406
1670.1612628029538
1066.8238976129817
1424.480183265825
207.41784681234157
1471.6008596429413
648.4931892085541
721.9675681026897
1283.1054942434332
680.21226190899
208.6362566514207
525.7354094446148
825.1764770747247
1619.6568759949303
350.3194896277712
642.4901711522226
184.8656033780993
1536.2305394533362
1711.1703639692626
320.069311955287
346.7034841383275
797.1710676451124
656.642969255822
1245.5764340304356
935.1046431205101
461.0652492372447
789.3768352688145
1455.4893070928106
1155.8554602902493
357.2127686805981
225.03903594062362
375.1617998351527
1589.2208700572892
895.9699031969157
828.0638783907692
1391.962596479089
1618.0270783699978
1292.0065020252614
1310.9357895161932
1174.1456582463388
1648.5104231577816
774.7529518861046
561.0317187818146
1102.127392319768
137.16066940059497
1190.2458131211856
902.2839423655305
765.0005665351885
1213.247449859443
1103.9861791676597
1358.249558877822
935.0372936878448
863.8112417870785
934.4750972922178
851.5736424181852
1066.6814135596146
430.7684247047103
711.1207616190649
811.0180711455786
747.7064010663017
1429.9990024093
1546.4813688344639
1282.7960257331786
1229.9866817903094
870.3675322767201
937.6641039406234
1359.1711467747689
1561.1641972777688
994.3019085219388
1527.0114332571818
1357.5206860574885
1446.4565099767244
734.7801776297217
1576.222403402231
844.0745128939942
386.0308680829661
1344.4154772208365
855.8790834453281
961.898462652265
1235.2801369345852
1908.9975714863704
274.6048668821208
918.3276302326747
788.8966381753967
850.7080153944528
913.3137275618448
660.9431513536658
1517.717955781159
158.45321068953825
990.0612730170046
264.0482912676286
1820.1003110951178
473.0919559784028
1011.5435216767963
1319.5068110675966
482.2843325219807
770.1511165575184
614.058449975734
942.8793589829882
1317.7573662633479
755.6244647848703
775.4942927523095
1462.384000918935
397.9825844088384
1114.2438819714512
316.987463844042
1035.63378521697
941.6824275084882
452.28474302324815
1781.104236237386
2310.5374052678253
564.8456172925738
1389.084135738903
919.8281469981658
1578.2173811106472
1559.5116754386204
1579.7322962973406
1132.267566310135
1406.83702334838
1261.9205598772555
2099.8042790513537
1422.6808869623426
1072.3788812885275
961.1230035691109
1431.3334165978567
820.9215823974672
1600.3288691703312
629.1401273930436
578.771218100067
1605.3067149324033
519.9932024068988
1138.1577248258304
748.867554037325
1763.1733027342082
1101.2113427492366
222.02408735349067
1100.4881205622246
755.2623541805698
811.5231820372634
658.9246225641349
1622.6621315357581
785.0739389266508
596.6274901191834
626.4818975023151
94.88757178913467
555.6204287693419
1013.7334792105426
601.7379794444255
841.2154401549296
496.23460435335573
