distance
749.9412111772449
868.7186903265314
730.3025593855107
1013.2509564059249
309.82265133152345
262.2139609680169
1264.2324481417327
1330.7747478876133
497.4596348439162
1273.7303922807153
1328.716157162709
530.2358256559795
892.3021644668904
1829.7981564219253
1566.3930737550013
644.3965216279623
1156.5224453522917
897.6472116967208
930.0268040642022
1050.2382092382668
262.5191902238856
879.2479984879117
848.6764149988327
1076.3842929439281
1025.9849643291036
1005.2065292861922
373.1476114452037
392.2537894701564
1820.8509487279305
1231.3592948183368
1465.2906048564805
1095.683481992215
1781.0038649512012
1184.8764169914668
1574.3726638161552
483.0913188761313
852.9682792745152
2279.6194716739005
905.7630479253819
525.9938708442003
1215.0222177590974
538.6435133801526
2171.9200175911515
1148.4932057932804
731.4383902026699
323.29546717315293
1067.1615497277746
240.53742332732864
1249.2491291164026
1420.9568640177013
1221.8034812883814
452.03594119740694
544.9925762731151
1102.9342710515364
1176.129644059102
1378.6484174020432
1335.117934707527
1294.8195287179599
1121.2319385345631
1666.6840600281469
748.7218880650107
1109.838048133242
904.7027699273328
797.2527741183641
1435.3966909451042
422.07835199063635
1296.4544654454414
1505.6217150353816
1738.0318885193817
660.238737869437
1116.911033301916
947.9020402375462
1226.7398348810077
278.2272149712864
921.3833251615575
422.9817791756912
778.64797026187
838.0385792606133
569.0407362514632
655.0926419742797
723.8476906087551
1161.6794344483185
1067.8519509731975
924.4585830192666
226.2656107947005
1203.1017648735804
839.3493784673491
1280.2958890130506
1184.010320279582
813.1029807600848
1352.3705129535767
869.4526927724157
1351.4018411909726
782.694480919256
1725.5440515065502
1207.7924619931928
1046.5190528359763
971.4435804092593
761.3947509704321
121.6292071692301
563.2328789080344
1335.3140590368398
648.6886254414975
1482.3329866897236
584.769102352766
926.7132383323923
749.2743439706235
209.61423990524764
274.1512653032176
1079.2888382956626
1286.1656171324435
619.765787304068
1207.0592134342774
653.6552974626294
1326.0837892562458
1039.8625969370364
987.4403391615067
700.9149223964719
658.7094643084826
591.4433280015746
594.1500186245129
1018.8404562902649
555.0205185644136
809.4197839101895
841.3740646045441
394.9617168086551
540.9953907188063
830.3659808239295
1356.2855668228285
590.8796879543775
794.9112079518674
1181.2231983996585
1134.7532739049798
826.4668493840437
501.00731587235805
708.1222387956952
655.6567263421147
315.0787000054319
1117.0315431576812
1079.813960842052
310.59456180044504
2278.802184894515
1539.5256712253768
976.5278588830674
1382.2283988677734
484.7643276496622
769.2601970813979
258.40258956105055
692.6241034460434
912.3098869762259
324.8432584468276
1303.887646740783
1372.1751526971564
1145.3322008450382
1427.2064695094564
903.1799530917726
1286.939161099902
1457.914230235063
1874.5837153621428
1126.4345044303332
825.3510197536548
1447.5660709538754
641.7039696066958
978.1271387352431
709.0583402395059
388.63247067376176
565.4744920597975
699.9642206326703
890.4197261790254
210.44043503137223
1130.871659247571
1241.0573468573316
708.1677211666391
1491.1699857684255
1134.1967807874762
206.18113958119525
882.5597936884539
842.4911112720436
1043.5276921936725
932.0556126193835
346.51750141266393
1070.153261852442
1289.9527941054562
800.3307854656122
864.5521669039151
820.5538308222858
1023.063691327067
599.7045991218702
421.08480899931897
804.3756252562026
1629.7074620355963
1458.8435072398677
298.54671453358117
619.4181500304971
968.3034240158446
638.7179822664535
1612.2160338723393
717.2142466001587
839.3862734902452
992.7820727702226
1384.4041252754037
234.64860095967197
260.3652279201452
396.10308732014954
112.21384126896518
1393.6214254654294
1316.0325904995054
1241.0706339582478
1211.2080429416364
670.2146944053502
495.60462025603084
652.685218939934
1103.2207758166521
868.0464002160716
665.0317678508995
809.8492481526628
1776.5968527905163
1513.525562573966
2182.419522988051
1556.4236013807954
1682.766497729626
760.4766267774348
470.6168778020577
1068.913469801396
472.86578662379435
305.4530115339295
522.2052552522356
1063.2144759723824
648.6989001031267
1020.6682539249807
878.6685729163587
591.0891720014955
1071.517343927011
1108.8034703444348
772.997066967147
1563.6455013000987
959.8759649549842
929.2493298819932
913.7960585779496
609.8660490792644
980.6017500679391
929.6039568554852
1049.4599292208543
910.6870509423072
1704.729741838812
562.2591894313648
1559.5304417805294
773.0387341212111
1388.6523873027
951.801389529599
1563.6386303774693
1168.4073727533817
608.2940628906009
615.3227400796188
729.6010521589575
1207.1046437045145
691.6668114735155
723.4936142503634
1252.3239274547786
757.2151457751445
653.8692232360235
1363.5290183476359
499.0223556458639
689.0941823580737
958.8653092562566
485.95888259983224
940.8322248304071
1300.203344149359
422.1179992065859
1140.7444356393648
1083.614069327963
1218.1934880243753
955.5913156731797
776.4243016480746
506.7654867727865
1240.491528064342
1635.4998751617186
732.0887703396428
1075.5781710402102
468.9194822011579
1278.6576961875824
368.205895452752
63.67347225365391
509.9597475778549
305.5405737836596
477.48469383652855
468.74708736620045
1074.8080296022208
880.220459242871
900.9166214416274
2150.561773809699
606.3329141208445
1422.9174300319673
1627.3161026138227
2510.8432990214137
1391.8854447986091
487.9427425013913
2280.2716779217008
1374.3951989450854
497.43002522291545
890.6452322256522
552.5628509580197
916.6757086531297
984.9359840789185
564.9357134529372
878.1537431155589
1439.9057157067639
845.5092141773006
655.280133156685
1119.3232152544765
637.859144993069
798.5420773122331
1517.9456666469198
1656.4421319247033
687.0545649106327
1109.7793309752253
650.490934927954
972.9647724534614
916.3640821580666
460.1376834047784
1366.1750701692736
753.3391533839294
516.7855768765836
745.9516389164165
1446.2671498427308
1315.5714931925904
549.5803007567825
828.1983014210429
1432.7469922304008
924.0269640994511
1243.489957529121
1354.8040066378626
1379.9269112421343
306.0836624216832
1196.4797032169438
1390.9807393047668
600.8359503308257
610.0224116003974
1604.2226461371506
651.8573243622944
1425.8261332053876
1306.3151961048832
565.8245136436536
157.875938161898
597.0635404660733
579.5498946004604
858.4633296089179
1400.2717379310866
1032.2921758268283
2218.363565293478
1131.1034793664764
496.67010232601535
812.9895860103493
1112.4419418514256
1595.2244055275587
1190.1359154242812
620.4875062843065
364.3327130884242
497.2266106077435
1128.6134158386067
722.3444835957538
1228.7040929822122
711.5924089979876
1690.9132878416794
844.4636806156003
1470.690256243759
1019.5757058494066
1261.306706138751
185.028886404932
1193.855772555438
1314.8643065368756
877.5200960583521
426.91805353964935
754.2333998585683
101.2681130516729
1465.9332861288258
828.7883096937327
1481.7448667654457
532.5476501904582
621.4523871501866
2333.965353847593
587.7716415849155
330.5402842679828
1080.0506929888352
732.237120613594
468.9828029489626
572.5846675984816
984.204468827916
727.3149081706043
1367.3675779099078
569.3057062185127
222.63793602832854
687.7726603304978
211.06233875103584
986.8706093217311
1115.8152213414758
1859.8490573640322
1147.46328770857
350.15191185341746
566.4771679301857
1766.376395498091
617.5003280724904
450.29038592470647
624.2158704290681
590.3861227624228
946.6198571965205
1197.1552477805567
590.1815953544806
376.2006021617364
884.3108726770449
1324.775524771386
836.6205589883859
1273.1660036085514
779.9186136784856
979.2715637959946
263.46517570849284
858.759254962675
359.7118051802254
479.9405296576801
1073.3937633652947
473.09114231169895
514.2106470779524
2072.7628641361803
661.9648818169112
1859.1342418426696
2153.333317380146
429.8435018168752
1961.90494222937
1696.955399187097
1759.8011606170917
839.4928638975847
910.9211468787165
362.05728338846893
1058.7000413073195
435.09810472035997
1247.1474729938977
678.0930231102178
2103.1677223000283
1641.4705022280036
1068.6609462140752
1743.1003539746564
506.08453643469096
518.3400112772258
367.4068318101227
1061.536646742956
1263.4702575110975
665.0679959037575
1275.6965602776695
832.5743086399932
1134.6066769626195
1505.1674025306595
781.3302645679436
905.4237125239057
1230.055323205988
5.472957289700415
659.565339133619
1072.9434216603076
1225.667316797453
309.89713444927946
608.3753191184963
1208.1029885573373
1615.3936099566802
524.2490447419535
657.900019626886
327.9264255041044
543.9778194687892
883.8860028318875
769.804669502254
1536.3097258614825
347.795982658747
666.1871419848482
1207.8601996289442
463.9810929061423
808.774950793095
1166.6281481121111
424.1259721687151
2084.9510956307627
1542.992358277801
335.2533623530611
1401.5094229030915
1000.9008091323394
1255.1357578443667
1187.5351566428994
568.2145515881938
34.34840536885315
257.7923472158164
1045.0027153625197
1370.0103516875008
601.3011548427459
1213.602775276241
833.3943581988032
1617.7186584457174
628.3282996502915
681.9796147653948
613.5206124584041
1296.0270238642136
1485.024427884092
727.8882856793679
841.8607353435839
1075.4576478403962
858.6378096047107
1299.1314901055775
640.3310691450054
211.46852451875537
1552.4190345785614
2329.2096909116117
1072.4798744109348
349.40431211997003
927.3009502704698
880.6663974607426
756.6831841393292
2011.3865505819351
1264.834544343262
918.8432947790549
1800.6008144393454
462.31104990209747
1107.1531773632817
1209.4576352147487
1007.6776289867182
1202.1012856892253
1273.1791007600943
376.38605322309024
317.38688276088396
659.6307343566364
319.60976765804224
418.61078081725526
764.5249905056797
1783.922225961663
1224.1042130351816
747.499223380874
747.5934609008192
994.3704009982532
2130.0347551345485
1013.3967115810926
530.3824914237298
1566.5883200671344
1210.0752292043467
532.0543788836652
1098.8103888431137
654.4447636109396
619.8628849477095
771.5579893154327
1343.5666054178093
1444.4745878878261
161.82739058938185
1055.2085596278134
1046.5569802471227
661.3182148739714
1896.7652460717275
785.9798218222744
518.6681315583232
855.6578793136455
1211.7697234449897
866.2713300565736
1780.2027440446293
958.967613292231
1273.9737411451613
717.6798604657681
859.7316463221191
2057.183540157981
784.4935554995573
1200.459022569084
1037.7106870239052
545.3198714503488
644.9376696268768
659.1739704451938
590.0663757504924
1904.810516574292
1563.0144490342332
1441.3210738797363
775.7606913494996
1154.7191496786184
1532.4813016559367
666.1753216109332
1515.6045624640465
194.7802471938174
1333.6203387383318
340.3333380095753
807.3429751465161
169.11441609511053
662.1604811571364
421.5352607446726
171.1959852966209
1097.5874640744355
844.3209350909443
1104.7902009918112
1236.232441035818
1368.4190186309359
481.21699306558924
1070.3585781171664
988.6486738598802
467.17980913189564
421.64696258786586
478.69057770259536
342.4451638957341
894.9722462779404
1054.5681813111264
363.3058531362675
1114.301183803295
260.6069910688294
454.2746920078279
1129.2061960060962
1270.177786358561
1268.991237326587
853.5945054483451
63.59947243060203
312.04661963032055
1276.3535275885536
157.4496116605443
1227.3622196010247
345.3519858359979
1247.2393255111917
1160.6468418422724
593.4362844997478
997.9764424474744
945.4423447067402
1153.6812182785561
840.9323043247691
239.59531817674636
1465.4693440165702
882.5081096214712
550.9386375670753
259.91595854355927
1004.5090855350116
1201.8166860898395
1524.252883221865
842.3745552867039
725.1571024507109
851.9554105618943
1126.5009607522322
223.26938739367606
381.60605124420067
571.2416748126684
629.6347421377133
471.0648488817822
490.3589837340399
850.3444026898376
823.9054368226618
1215.62439603048
1205.2410838979622
788.1461549086982
1637.7065957356322
947.4275176157822
197.53463495916935
909.1914423906637
345.5767939834274
446.7641145454757
1522.4165458966388
1079.2810754629438
478.7921704995967
923.0347163460692
698.7989937283368
1363.6912432736615
1010.2933622154313
1811.8613415806528
410.11669419540243
1221.2944688937655
442.6924911390247
1103.4293949725748
1399.4219646701924
530.1815123165683
1328.455823355491
1034.9593014371412
604.0778050328229
1496.988755130672
601.686411418478
454.32693904913924
180.12207459270158
676.7384392179805
1469.525914533101
1006.3543509339803
966.3255281014617
1205.0349031278868
484.06920406900275
1288.2195169683926
273.65797397032344
736.6176900569664
1414.3904611147195
1189.759987263347
641.1968592106896
1287.4893439234256
605.2310617817938
891.1965185407643
227.19306200056778
1678.7007942673354
798.7158952999665
420.18325220173983
745.2341265321171
1034.1026542188165
1494.2845281489374
1116.432500816164
700.3694949983338
544.0709825472109
1454.143342833812
892.8480517456769
737.7506213243163
1032.6841897457293
868.2166543348014
363.7577139617559
477.462439207147
615.6384486289783
1248.1202318440178
1053.293286748101
1293.2565552545059
1732.0675771796903
1484.8606381562724
1453.846511125481
333.1313787527126
184.85263018848048
825.2491977494483
848.0167244189088
1152.412912921903
356.2209168377081
754.7233099452712
565.1589035764462
103.66731500941447
1580.0437770973897
776.0628790543856
782.4887002655937
1113.2153618687762
1416.2104336749155
1695.3331855496067
1429.2014386148012
846.8836159416063
1181.7832012727115
1084.326211049007
549.7663260222877
979.5874917676455
1637.8299314369515
240.6945270155251
386.6554368747202
467.4568653611368
623.4132093482943
659.7083850468345
1258.1578318840527
635.2536372157219
530.9710133318921
1283.9570234529479
308.3512700742176
677.696872735941
666.0285534978578
1140.5953610811507
1579.7501408298754
1782.9429143245595
719.618146018296
392.92883982914725
1810.5919829974723
308.90461427145254
1796.5536521560334
322.06277471094455
1188.080379535373
803.2904301596083
468.92924913016753
1059.0581773489967
84.12793779809141
876.0985713783246
1159.053036857231
171.83665648190467
1027.4180573647654
387.6334155353196
1325.3240140134308
655.2805310652985
225.93547536688484
1078.0660321347896
787.3457087011896
1216.049148051931
1420.2917604369575
1038.7454347031828
1289.1346750775504
873.865594827955
527.4447036803101
444.860510808566
1228.9699535318437
1304.368148385495
714.1039799603038
801.5014279110123
1045.6722734321795
742.1337196568246
652.9013014389814
1890.7503488384693
1026.3154943045727
1252.4637461213063
795.366081540608
345.056389271513
671.8288360351548
204.7364862325858
1119.5011201170712
780.445248834982
530.3012652157751
223.1898252610262
1195.9706938337167
1382.1943556885174
801.6710474332916
664.7470160894163
983.1729114900522
439.4990777181364
1099.5570687013112
474.90067702298137
983.0982676211169
1725.563301757195
940.451565336093
1090.3207585457712
692.9179871374938
628.0579926151315
754.4167239510509
471.06837527484373
303.08367983192136
536.1846697950023
1703.8856337223726
816.683993574333
126.26034416243398
1081.1588121575287
1744.0249341836677
538.3970348446497
1301.9557824424826
289.6003919199655
1623.5060554590668
299.9724709776878
723.9414470379376
2289.054316488745
1094.3575343227533
806.0608905727051
1015.5236319781523
696.4137584089332
444.7869317445205
952.7003418064619
852.2281290303905
238.6729577220906
974.5574764889834
483.30010692336333
340.3281059122394
518.5969201845394
922.0135135755462
437.91576892014666
685.2031559760062
230.31326273011726
1127.7503087662424
271.101131058323
1289.8380045452257
213.1781153747264
1692.1880843793704
862.1250555703749
1373.3268894024884
876.1124539373194
1653.0541300381851
746.4102739423794
1379.671940707461
458.34847578597436
697.14195302374
990.9650355360061
25.01725393793975
1868.4830115467191
1847.1815442099178
525.0173231353735
436.57171940799225
862.0995819232832
998.4054690799048
1407.0049351898451
1069.4248833462432
850.6469023917834
223.927282397525
1157.0004556786123
1243.841284632524
441.5718413808241
203.75577267590634
310.05036448151094
384.5142921243063
72.67125681214186
382.88554628731697
865.5718922883513
996.8334226214188
1336.0335871839397
406.0096531936855
586.8526031232421
1468.1346704402783
661.6779337100426
814.066013638227
709.765459044149
865.0581681895845
1057.9246441012497
1471.2546897821605
579.8066810465108
696.2457694354387
358.8694156492766
1296.9981585546232
553.0673255188065
1119.31859855524
175.38945673634527
925.6872799792039
788.2234034692518
964.8128265684361
464.7156102825662
735.9921434992539
679.8514408556598
466.45187817278025
1193.4328099711101
918.8413392296864
1017.0272504740434
1063.1248982317643
1131.612949762239
601.3476617444293
1519.4490671309186
602.8675762392129
1497.916694285816
160.6943463181859
1563.6716574863526
394.00105621866226
1011.6812756151487
565.7243553139216
1319.7881318134735
546.1423903569432
230.82541994080688
319.212858332258
678.263944376749
968.2385598284291
1487.4449727025146
736.1757031499357
1471.9996663480185
1318.923861607276
196.26009537660607
950.297809741847
1380.1760491593857
1054.6964609119873
310.2380474576555
1102.839949019623
1413.3987081426733
1175.489235915965
772.7743574126041
501.3862021838671
1377.8829465302035
539.1636385182661
901.0232895099185
1476.4246922212953
1168.3597546057247
877.6570589994782
1939.2543742138153
1115.9055515254877
639.4791398371644
1612.1337345757595
1014.2969100546018
224.6053378524832
1093.630195917187
758.2424977427187
1424.2139058969865
1233.9309774392011
908.5627098153194
1485.0047234548304
1704.0868476585194
625.7581543453754
1646.9990991279994
804.4277256415021
315.70956434865883
1257.6836309162481
760.4888547378685
1070.7520604186311
1148.6070164178948
1334.7676174300916
447.0321356571656
827.8753774495119
408.0684508599389
1008.4409493660056
710.8309606382672
187.64313876337033
830.4203957495024
962.6871618433744
972.8993028637211
1488.2632878414909
1167.4115714750988
569.4194411931289
526.8959069287176
573.7560480169765
330.4264398308839
1037.7795514573465
414.0089060294692
1068.978423814853
207.0808932713447
857.5555681606644
1024.7870387152136
1188.056226274486
763.4223778526622
515.2736801669733
1129.248375693004
348.23418590496937
315.669656954478
1132.5764707240194
539.4091918098469
1277.7607773739694
1288.9845066724126
325.5894760576593
666.7296589795817
942.4276740974012
713.2226670244053
1041.657365018014
1185.7903468325417
1005.6719717594251
1619.178660251355
1411.988667532722
1477.6934079418074
1333.723657695076
700.2035257219012