distance
895.0550114586337
1214.1469456984073
1098.03867895424
514.1695827251068
1323.7039661529534
878.7007441981933
779.9279801020331
1260.6943185534903
1243.7214972024174
271.564616751211
556.2186400705533
1031.8174022609344
840.3131067805948
1124.3148211208572
1204.4204551553967
1420.4617494776046
272.74643915417
638.3593242302719
2109.8934577928003
895.7192176554126
1576.732420006585
1557.7285005264243
1305.4789673283735
804.754857868114
943.0941854982123
49.4682631272908
690.0595308485636
982.7919707474484
1365.418108788815
700.4685356002427
659.4594083670114
997.3951243601485
762.1105305156304
767.9672326352354
558.3811839451496
712.6429400545543
253.23642526717526
881.9719107733686
2124.8765488578947
929.0491799180207
747.2528334791376
1641.4294817421687
1383.3659491415872
1590.4983618113386
692.6693562209667
1524.157662299653
1260.421694840038
243.56440918810105
1029.5560216599845
460.1438348773476
977.2808536195503
876.3593579008307
735.3867781761394
1621.1865505398755
1021.7026339948334
84.80954387333216
1425.3097969218288
648.9218187599743
384.076820282711
643.4180489246836
730.3161905302759
733.5272682748924
1494.7653497127421
1101.6199871225817
516.3354482916005
446.31518525949593
987.6165037320076
170.10782526666776
137.58357118486708
830.9119523007372
800.805106603865
1000.9155985733685
733.7025076508362
553.3036119354218
957.8280831652304
1161.9622068576014
848.5040041832669
848.5502618790856
415.33265878188564
1455.9955000493608
982.16165240011
1128.6597684738524
813.0906144307579
665.396964543726
302.83927668141524
1063.9155955748404
1632.3457188189254
387.7808640897861
345.6997107841032
512.2885778260189
754.4724897600065
658.8833836296199
487.5578056078262
1657.9178728357958
1064.6862938853603
556.9852567903843
1207.3440902123964
393.4059380897573
855.4874836795731
800.7629324369817
641.5984180468366
1136.3787941196988
1894.6209327839042
935.7193115572263
1340.8718259986138
596.6639964379518
1274.3896979645979
367.4460020516612
606.9213223833797
754.2809862125998
1745.0862964344126
848.105651653683
721.3814951328034
1693.1489501257804
304.9766334042185
652.2275521100441
1196.9232106520924
516.9288209284299
1314.9684765843713
839.4018725459273
581.3139376469775
1165.9369388362127
838.1176519070256
1764.4552316682355
1258.0967116573036
117.46163007979479
925.7748957795748
1541.8493067378265
1884.2202941360495
598.3502628155031
877.0004955008045
725.7657541921826
1096.999753404018
642.9677248432339
1498.4939668049303
1312.628311149011
966.212806614389
1774.008849944278
917.5280624481397
598.3532078925499
1208.7032071246188
1389.4416531090094
590.0523753341824
541.0565928770383
746.5204348793258
943.6175343860966
1267.5941785747762
818.5152553936855
847.7754028205911
514.8068287744346
1324.2192472802733
670.9402271369681
1845.3948331265672
641.1173394312844
401.55149216657196
486.5764653922441
1011.1804343200414
107.36597247063887
1182.8053398231293
506.67792332317805
1134.2041693444264
724.808407280269
532.7011395639692
921.1337204448313
744.8648588626359
1673.290150180106
348.4024935228946
729.3628268737413
945.4631504276638
752.580528236648
1033.7829964840575
393.3888547660651
377.61458282091843
1797.8777416724188
612.6279857723852
570.2805475869867
1622.4484452991417
950.5526530881774
1139.5342844323116
1901.7589880245355
489.8521371723594
1307.1562742688855
668.5042263249458
1496.301671700614
793.2105317107626
827.8717716647832
1016.2786766172882
2042.0911404554406
1848.0509197246936
1906.958799544846
1793.8401697568806
524.3678386822595
656.7471730932928
536.4435203303266
603.1315493847715
1301.4721474100525
1666.0283663588955
1624.8914224743642
1534.621987162955
294.36299159600094
209.88170567784564
1033.9771491099523
1885.059571681441
921.8417778978527
979.1991985605623
1026.8551158721773
850.4133500985844
155.61663089114407
1187.3284562466342
1268.9945648943512
213.95475889642657
1336.9088346655926
1825.9388680540837
989.5715719493825
695.0891599651242
1493.849012118685
556.6152998719568
1210.3867312637549
742.5000030263382
431.3456113236525
1152.2864913890635
596.2040923315408
1121.891415581257
241.51381963313673
315.36703089051616
618.372622075126
1134.1336085283244
858.9276630769248
973.779863623657
589.1317561850518
219.2705472877686
1161.022124576131
558.6497669214314
946.4943699239409
180.0304254163178
1530.3970829580967
430.26827199337424
1628.3795761886465
1134.574976057786
1960.8591556987033
1577.291403572286
1200.751385178129
1160.6377217809772
1445.0708930928497
731.4025151511751
1560.8242006434282
819.9924134268048
901.3136729004312
1106.7487470073672
1020.0464240451367
1006.0608152001911
1628.0426804410358
645.9223670481244
1400.5414149818178
338.92131223568276
1679.1188969727966
959.3136451454218
935.0448512583105
1627.8555059645864
1707.1836723611773
326.8680489692202
381.10661170485463
1219.5877442728627
1171.2257862894828
902.9682747772897
910.804887294754
1343.8790823039117
1140.0787046474095
349.41740416368725
1149.5653810500808
948.8830740771789
832.9465584343615
813.2960906219744
215.213310956367
1407.7298967642942
1489.4636013757151
586.3451307732591
278.3917738794934
1040.7936940986606
1868.4733011926198
1299.7226012392025
1014.5067392463747
575.1297340066224
517.8749943964527
1927.4979338482349
706.5267904957644
1118.4885651904244
1126.3086698852935
1031.5500327138818
763.724807849855
1505.7184830772574
1688.9797605213887
232.54960146016114
1638.3600797223899
1303.4656507745551
652.4424231569385
315.71678593397576
486.6401117792468
971.6024001294093
1356.4860016061527
176.6509171133221
201.08531276146658
435.08612544549504
1326.3384040875674
1286.6032326441634
581.9217952920751
794.7175554715
553.9755493517162
1195.035835206507
1408.4303256918172
1029.7854897919913
307.5679189852031
400.851055771745
1260.7797134594916
205.2672603556177
1024.52553249599
649.8584518402273
1037.572105237265
1619.3595666174651
1358.868025751808
211.93265201885256
773.2814169153527
1685.7735000743437
126.08133397436703
1257.1239642763449
621.0044597759369
283.87371906702896
1087.3773599612214
493.3656141639012
1584.0502942368184
503.98513916294206
942.0708745001343
1002.2236155801489
1103.01725301258
1042.09797624989
265.8356998866715
1437.0501702159977
411.48370918237055
639.302471061891
779.0189865924985
53.23654528204314
1188.3813201109951
1459.6855316059386
793.2836030960901
654.9845314059075
1835.9881233697167
836.3938203934563
591.2007754343024
1073.0856569869873
579.6660321657996
848.817191774884
2170.142248485579
2498.3790345423786
225.7714709365512
153.19988364798843
1350.1721018339756
1532.3591096885098
1606.644587051936
695.5186401937656
1541.5792309101892
838.3044661799578
881.0539848432883
423.61873747495764
1123.7396917621254
1586.6337180074588
1473.6016329554059
474.0316242121009
477.3116006091315
17.142097346141217
1365.388223588697
481.3308229293688
1225.7909295506247
689.6250425728176
1549.9239719601358
1457.0347637516904
1141.1205898900337
749.7655347095341
865.7178715928704
1327.5451991331627
1029.9933401945739
1015.6492964805685
878.6076627922163
661.2444792123068
1494.8161154155111
451.5074757498517
705.0734064624949
1355.7661308266054
541.6382944227379
1715.9017852488073
1074.8843165467326
785.9918397851485
1221.7106316808963
383.8505125910551
1598.2360425063778
1214.438496788903
1659.442732676224
872.456214803835
340.4998480481442
1411.1144794551058
964.8865067626066
956.0988664355078
731.1340114237674
612.8075785031334
1949.597247945155
545.3031094104683
669.8252386856977
1426.2676468384136
922.7272685608901
621.1864394174419
815.2172278332766
1566.411083563467
737.329191158331
1801.9613500276782
531.038537712778
645.8666316343579
1614.519256758772
1766.6006921563296
2043.838393315672
895.5931515000497
602.6699913805854
266.9623124514546
599.5308762718054
854.5820838055969
918.1304558611754
1273.2302731194056
809.3274044285051
2223.610454921801
174.7845892175268
1121.763832235907
407.5401521370496
1057.7872845695454
398.8468759704874
1139.938755156074
974.3824230598628
1715.037556111471
775.7384621242221
659.2170574827961
445.1388047984041
517.7621754745028
1701.651395716976
713.5313941434249
667.2003059294389
1387.5416791988737
726.1258821591392
1373.2628904857365
464.44079278073855
575.5645380345481
1328.224962013605
1446.5131174498988
1093.0884110087088
303.04437390912545
659.9615017626788
390.0121107303578
1456.0564337161018
1073.26142172621
686.7785164291348
1151.8816774497
1037.9079554448174
881.5906288525453
326.5884776465876
1163.8136551824596
161.90877901683606
1158.625388286602
848.85764861426
956.1218210646862
1142.279725706312
353.69445129034926
598.5167377091115
665.3241911631768
542.1692937997
1378.2995721076466
827.9669237485514
658.0310806011208
720.8979311327334
791.2186977264297
924.0787202561644
796.7540620727207
933.5207179382417
349.60092794947644
428.67335992159855
1584.6132027860697
1258.317853882784
1085.3575816112411
885.0512634730975
549.0061800939548
884.699983968098
739.7273464701832
1260.706398782633
603.6903208292122
97.7434588720576
519.6378611241013
1537.9602656339923
2191.9715721979096
1001.0347808872883
1369.5124457918864
1806.1548299278702
1372.8731538173954
878.3119627536095
267.8099123001767
577.1983231033009
1215.212600475455
419.61482449727
1126.950638955926
567.49755097247
1599.4389068203668
299.2798678181452
1073.9017264563936
1438.475030683511
573.311460191558
1308.8888096223204
653.3237010114939
997.4430703576713
754.0613760608778
920.6127484192616
1558.7573252010627
1394.8322323926002
1641.1738628904372
1588.2968196324057
1011.0622188574966
1332.1833243352055
2039.4055430010467
779.1930119227011
787.7192080448168
1481.2244070762526
1274.4180469921353
1308.8930539653543
910.6571868137476
869.4417920457344
1346.8954346899689
730.3374598756388
503.1283313336095
1089.204735274377
944.5663842031423
409.13504963795884
663.7557918280019
1345.3742659066802
1401.9744981516853
500.0978444068528
641.7150396366429
647.0555201233169
816.0134190094069
1091.341883134652
658.8510606131109
536.4437123280433
504.9961218380994
884.6649860308951
1638.7034181707745
1009.115553372421
664.4836981541428
948.6628359546829
1532.5179061300992
1456.7199363957955
1852.0977092065955
315.86047266488134
978.8766622127029
403.2000001593847
794.9030557200198
1070.9017139457228
1556.3797412687832
1541.1390618727594
1355.8213486383743
1479.9771497167767
686.2281210662521
841.7150481162627
976.0593345102653
1256.4677941614177
480.8594313212588
1846.9374873944134
1530.674798185671
690.6352130444502
614.7560324194017
956.1979943267711
750.7643036853166
668.4469160828493
953.9663537095988
1013.7904734905476
569.8728187397711
1256.8797762304546
1099.9046804562458
198.47487461691404
792.6908982488847
551.5102410228844
1381.7913385762345
561.2087427337897
1487.1597709563432
857.1496853922877
378.7902512963856
476.228688087253
2106.078631569719
1655.0815571549444
1149.1706821059456
1084.372603345686
879.2359490562555
763.5616570416614
453.6415850090567
520.4710710589768
1670.6062116237358
529.8833721745407
1102.0287125608172
652.6458188333817
569.3292876268339
937.2018908823331
751.3929316274081
275.07708364790494
815.1123824284616
840.8368742700994
1389.1582057974324
350.25824833863095
1734.7678502808656
1725.230670278246
1391.4790164036547
972.0611669469312
706.3432593559883
187.5748296189387
1799.1471045994813
613.06011008165
803.86849080936
1036.611341355933
544.6786086101995
953.0286113691126
446.30469807633114
633.9697575505813
382.68178752167347
855.1613680989946
213.90876893987888
805.7570469819076
625.7138768519841
1139.319163800601
1077.9053137154353
1152.9631129250367
628.0170703309418
1174.2153166084943
438.1087518394175
531.6758113507509
670.5553653380806
232.26814654728736
611.1161649620989
348.62038791853905
1667.6770277657104
593.2978391817502
1663.5657979078712
1547.139446693466
1575.224177742199
658.7522848090125
1447.1514257664633
356.97797150230264
1241.2471342826218
1056.0636067322666
1052.4366237011188
1289.975810331223
666.340512369312
957.7673334596295
1884.416622668605
818.3595305632997
1496.7175195759812
950.9310464284371
1541.914468940453
974.595088000697
1215.3376515626717
1308.6250761083409
662.4209485138365
1055.9211093367917
1397.3832120514328
1057.2354349489945
828.7632438524264
389.4563735507377
917.4384656372621
1552.885135629897
1019.7998164509083
751.7058065530739
636.6739165602404
297.99809669497847
342.019240874753
918.603214317355
417.7760869866664
596.8795156908295
334.7085122876655
1301.8779920850811
428.5388212337025
2066.862547892855
132.44579664337962
1339.3601696121475
329.9634190392263
1489.013539067831
1078.5261831004943
784.3519494228597
1182.945598211879
128.10825587527876
1417.7037873336158
1110.9448239173705
896.0084438239552
1812.9139483353956
700.243161481116
1339.2782815708376
1188.8574835530676
1882.6552830367664
455.1720048995165
753.495835991328
1957.2127041628837
793.3226819025225
1933.29050227644
1036.4982178064852
545.9919924661068
673.4360779190191
403.7768101312463
1363.7889398527266
1252.1193907336697
935.4454130538801
1690.0445971408667
786.2599681909808
898.9382721797434
1149.1272379252184
442.35124674489316
654.025351943298
646.9076293032317
1785.4307417928715
674.7427002722234
1858.295898513002
489.56416163681047
715.1088381561368
1257.047305098948
647.1336314298425
138.73036144140787
628.4687580370099
702.7423403671072
550.701392687334
924.6493852872893
2204.095903510039
219.4167081399987
1614.6867389150495
1229.1095466670008
379.95801779317844
356.3053397715365
817.3757158492691
290.6909130723654
578.4421255702487
169.85958104594923
1412.4331693902946
1681.2297237036757
727.3613615149366
636.6182528758693
239.7186475471202
83.63689834230681
1251.6798935393904
812.0300508638211
1765.6591257852256
713.3967754609887
1120.5840034740916
327.02237254798575
1176.5193645614363
1826.4067036699835
462.71143574199294
655.0130352537241
898.4711720992536
1014.9105760216502
846.2767417043932
1105.178639920148
1801.0785339666568
1939.9515886152726
498.62279511298425
229.19565852352704
400.4873806859981
1207.7301283255883
338.51657332486326
894.8467525639801
449.1399791517932
702.4489058935505
971.4277529396122
800.4508958058508
846.9149762107207
1039.1353125718829
273.683558289561
626.8076374741291
1109.794951244615
1424.981930371192
1538.6916532020985
1926.6621727796712
294.37942651483326
1071.5811876919822
72.45449475767155
885.7147668113882
318.43663963072373
581.6836414425745
897.9938299827356
487.95728526074925
1297.7062603660218
1458.56441287818
321.04422116477843
1434.6374478184032
989.0941243272891
1746.233449553404
83.93808783107885
888.4681792010936
243.29924356151972
1118.986479785263
949.8286294535973
1186.1335417436355
656.3213412750489
1244.676755084031
1275.9353581250891
1191.7094520385513
1031.6404450995456
823.7011456486683
1478.1921610855595
901.3577698311444
685.6661979176515
580.7113218107557
1724.733848425617
969.666057458174
1294.6254355043734
584.8899570603755
1257.464947315419
886.4085908345361
1001.4451739579313
1771.7932482514473
1066.7241593487186
750.7833854853795
1379.3909199850839
633.071040334604
1333.167029459297
877.7202353671627
1308.493518599604
1584.0846024923792
671.1323288066453
860.7683936176801
757.2235988106505
1587.0269505366853
767.6933837724749
415.58770539386273
918.350883586601
2295.2553326839643
168.37249051536895
450.80370374650954
1330.8567684845248
1426.7407329484063
198.6595137357458
1861.2602836127935
1781.5384647503945
1349.4200589103027
1326.618159547483
887.5080078166454
832.9465255481424
1410.26649522368
1621.6341669530657
1015.9539877813784
1344.7560973144105
1128.7855202308558
690.0126547475618
57.14669261485049
639.4561551892497
757.3317825649171
378.6106623302312
1488.4335130841612
1406.5944259294274
464.17954279292076
545.5360945441341
1702.8182147718094
583.4253886150469
1467.5819628932754
1248.2451810932923
947.5470011339262
1532.111493032239
862.7856399201785
525.7658283194507
1262.8139882989794
389.9141679344533
1042.8312735753898
542.5875094414044
837.307809758912
713.9646452771699
1525.9256621420236
678.8359533297285
1103.60801487798
743.9897364013974
1177.3685585386334
1112.673274662102
1137.5848918667618
307.02352606963905
1684.0692672180726
1049.862148637016
1892.938243879113
840.4928517152313
954.0774450537407
1261.8884741689
1036.277356464724
1135.2934745025666
1501.3018263223992
295.52847038692994
1241.8870829583036
2031.867267932892
303.1590412647077
1484.7230674217394
121.19476812580676
694.1583628818418
860.8944198391309
968.1855870025234
530.9242758075335
1104.81433337076
598.8165874123741
427.7258891402222
1308.8303136967065
1203.513675428669
459.4475683756226
1368.7881538312686
285.2399496112821
256.2034216617936
1317.4835091614093
1513.5655548875993
593.2954815572818
1227.556620393092
861.2611505003006
1020.462247612436
684.5194328952201
1180.362545230478
973.4642503299309
577.1531428179526
1333.7340272615008
2266.060759414603
1183.0870420210879
159.07616699964333
866.2539516113926
1084.4381715406669
828.8914020677895
1075.1374533125968
1314.9253267653758
762.6251700673254
1202.3610919257603
453.078056347691
825.0490210426401
1015.5808107994642
561.3615310016245
1652.5424788357918
83.65012543636558
416.5751908372242
1355.5057214006033
790.1080139401065
309.49502957491234
944.8457809753315
1111.736180517839
818.2359961660999
806.2402892127953
958.0411804918115
890.2672828031012
1543.2333304316726
1326.541138099776
1111.8679419836292
774.3920689433714
675.0919486908858
528.8399453156472
1031.2641396280621
647.9440958424544
1560.1442139168082
1115.50258800906
717.4406937418494
1948.1240887965353
1457.4065949045407
575.1143410942094
1585.3331661913435
1010.5490318150727
1164.6310303260425
1163.9690575395257
1106.4424494262887
2023.1891388446047
248.51133276768056
1212.8943136992664
891.5658596462555
1280.4852445321153
1429.737877801816
1031.7203584763106
425.5511563165808
1246.7772966346336
1126.5226482740636
1433.1903786501084
479.8952046572568
1538.0538726389084
1845.262166844471
1757.1794893306774
528.5374835235276
2212.8814350868993
521.9614998834717
1474.6414185975855
1498.0497813040813
724.4006569030156
609.251992709525
950.1128798278697
505.58224377922056
398.0820021297254
317.26885638030313
920.8983395827765
723.5619166566767
416.5397209470194
979.1112820423206
211.9052810274859
930.1878997047263
1521.9042933944884
496.88082752358
831.4087268895512
1037.2471942559448
2356.7659813404334
1472.0437720471818