distance
425.5782186108616
882.8124556065538
712.3431709392657
99.42436688216064
260.49947396750025
609.9959495071139
1515.6759540990663
314.3189738195493
1503.8082000714435
986.446268063393
746.8561949662743
1459.1334687941007
394.8995002215509
446.7952566143591
827.4658540086816
775.3803384416478
743.4204096738144
596.2992008689733
1067.3046079267515
753.86874586506
304.72229370592333
1354.8433218124326
942.2232665178888
990.2565253753646
663.3714894323189
1219.2634530649173
1191.7795493301974
1311.0039862491394
193.57221845014448
861.1972959503289
773.5839749868665
1773.3989647896333
531.993593761946
515.1851031786915
857.5446636309679
1067.0244023288687
925.2674905450981
725.8511458951461
1632.5947614206461
433.73742026982023
965.2501159822925
1178.6684889617766
960.2919821387321
248.8236876242418
732.4606331497911
290.45841239705277
1449.3480570189838
623.4609313303731
951.3193438979312
1386.8427219476232
755.6204317618046
644.0746793834002
1123.1845853449324
898.2004186823544
504.6600132493395
246.1722712242348
928.8993133328802
445.1119770905122
591.8207324255378
541.3645735239867
1104.9102588140877
1097.405408089954
889.6594989624671
1003.5828796562018
443.9332364586849
1262.814392648791
1346.5820777757826
622.5818408423772
947.067170102749
687.2970161189352
1018.8513237214696
1424.2850925217347
1348.5286935496158
736.5079379507872
957.4075044886264
1010.9785987969482
813.2181420805044
710.0253932265506
460.5707469805184
554.5728331511731
842.8357400360852
383.2269008649932
131.0028393412053
973.4838379891843
1218.1835288921923
1013.5956696585727
187.868118375546
833.164161023931
1469.5750184477392
635.0208190600142
314.7164121588996
131.42543177739236
314.6722595523558
728.5921792860502
727.0397362990079
508.14022851115317
203.56824715734535
648.8784960682391
105.52990836979868
580.468294331983
1096.451351364765
451.0225414314207
458.1938070390897
890.5300558343939
382.52754424753016
1091.9717671110093
938.3527653218409
1170.2114640298958
742.1328956562736
642.4128686531269
152.78672301389045
462.22953000670674
544.2351902334105
1059.6975474060869
457.08319879408015
1155.3729543903285
571.4783194665711
736.004504966708
404.1517225664828
1050.8896300113747
767.8703248478538
1006.2641223541686
847.1742398741092
1005.1243566176879
212.78089464116144
766.4132671450691
777.0995345827366
231.49928349695898
496.2557004265635
287.0802993163031
324.72439482421515
868.8877247536134
1225.6915052429802
650.0424063404047
733.7391356369209
1035.1089038478765
695.6870144652271
550.5946055814858
935.9881398797306
1425.230160486221
413.70600484033645
1207.1015134967404
1212.3454385867547
356.80719468002104
513.8111540272611
1036.9231220483732
952.0236413409284
345.314747317865
882.93998385053
2252.7162056542797
1580.97031862859
279.56164111371754
727.002323751218
1366.9550355164013
1652.0860946773923
579.819827245697
650.128069643315
385.1979309464975
171.89285262611816
662.3611048485338
606.7148525073828
427.43082124615023
1203.8956005772195
801.4427212564784
1228.1646411109132
1053.5211504410731
512.4268960677955
994.405228382737
1504.3608715076437
988.8188643003792
1511.0646182158218
169.99181693132064
983.9487785111139
700.0166435002868
1164.97678702836
313.15178984911296
216.02126437153598
433.407853336534
302.68981029112365
975.5448711014058
1027.0112382101706
383.4105466719043
1663.0187185170598
767.7635860032368
967.0590425026005
994.4098444224417
528.3352953748544
934.4620076204353
200.29176305333084
311.04922827416794
577.047617793262
759.7683363782272
765.5905169380036
584.3226886749455
281.48398229010786
955.787227489177
640.0220118581595
844.2831973420816
875.7474383787296
860.8594182718866
2232.488012215293
921.3524092030752
846.1575247306225
497.06871064148106
1179.1069882776737
243.59724591065776
989.9675578105644
925.7906289947949
626.2160646263436
479.32615955894835
573.3427986853637
288.71412957467925
1480.140360037178
1055.1922388991347
710.624269944932
912.6625479397051
328.80616509755487
1031.1600049219326
319.66638771101594
1455.8894862540585
473.85566376687814
130.07331570195856
61.527746853571266
341.49568929681345
659.5136898487606
1434.407803721957
240.69681245597175
977.967082778418
611.0431110633358
123.91310422543886
832.2643206744057
677.0255910289877
503.71677038302363
517.5322280230073
1332.897450846098
731.8818638345115
1063.6316391028745
1895.518959558748
1490.756183295874
693.5712073479086
956.3251705996192
176.3364002993562
721.6254608349634
1071.0003417285086
117.56465954672589
1183.5277690359464
1308.9282923408916
1181.3062029520565
199.90615220125667
1226.4985911590236
417.55704736162386
1304.7928639655322
724.3365149550796
756.1748760946787
601.6899950921742
733.197833600033
597.6956546028092
771.5802058940749
882.714773333441
399.7767791708285
1135.7580509374977
118.40766742273274
602.173935215376
897.152855790953
661.4421192182984
1033.6730263091422
930.5812836619443
644.4904223903455
743.6811038666714
1111.6029541265036
644.97219081104
543.5904203367344
898.5493332576829
605.598005155251
579.2836062489139
1238.4046690625405
998.5505265907573
543.5571003632302
1408.1738394245965
1161.64657306034
502.9123510829941
691.6596180990826
445.25675160471167
476.2621154285893
893.0642352766771
1156.1404370351534
976.5679253781342
861.9221358255022
977.6116910851555
1171.4853001702209
1001.9047515155004
771.4319319972114
102.51198338454229
849.0365608745351
488.7559476214158
170.75270640669748
681.4630628438182
561.6891615241252
1365.7682759116124
970.6690731630322
1312.4974771415386
742.1618295693261
499.266811279005
541.6666646647052
641.2668302932886
1055.9519960152986
889.3341070841161
667.4340090499309
835.385492972275
1393.6913743806101
1563.2535971035281
1166.6155165923437
1041.312633525856
560.7358685866766
203.38095241725722
903.5066958357511
1115.044588462588
408.7201921001652
1312.2187003811478
536.8557414153429
1401.6560827326298
482.8158254976356
1130.962811815717
942.3109851444615
1450.0213172590759
2024.5874124891584
1401.565156811276
426.58940731594686
392.15139573119825
725.4942850225448
999.1240882506867
1234.535472229721
933.9124985134064
1351.2589467461223
661.9369739981195
728.115503244245
1696.9206630343328
1045.6560897648474
172.01210413831635
1007.9041588968896
324.0911132822595
333.6471730387595
621.4471468645323
444.8818475636333
845.393115138632
1106.7842127971867
609.3702886746316
793.4500250367436
548.1139783148307
813.2011835273141
972.5254170634347
295.9647512929295
1567.96838316582
867.2989596700331
418.3975143948652
1041.4745111001625
828.7425768873887
583.5139090421089
534.9610204203128
610.1113336045523
443.66761532062026
251.73164825029448
312.7476634246647
1005.4949733773113
937.9253136121624
597.6764627048658
538.9151600415489
472.0703953533663
361.53201061314445
842.3738127094645
366.78104038917223
1258.8012994774208
242.85266100692604
676.6153603734912
1546.555665060146
416.105600168759
760.3919662037093
255.63863599706178
344.3482487624743
893.6600058787742
232.49889519519243
707.0559264914766
458.5025141382013
580.9051569812923
1032.5701719153674
768.9647751415881
508.9398722252776
700.428633603038
485.78772902179725
461.3958342054453
343.3906647389782
304.4633206559479
316.20676938919706
1115.1093350013948
727.4302816321142
469.4407035807968
1345.908326990845
474.4721702289471
402.37897714231303
842.0186583303337
592.406600117056
310.10520842562346
665.2545518246058
998.6638773521119
1194.845273265377
1208.0297508056337
779.5437976150497
957.47118702884
351.43662314925854
338.1212630304565
393.6044175835874
818.8305087648445
616.3225462502647
903.1885236846313
708.9307747014566
853.8115355107468
634.3035856172049
694.3377093486282
704.6737463654016
250.17544713236984
247.7890198754504
1181.298110653684
711.1110798158054
749.9071158671636
1505.932713242927
898.0332123101132
519.6819752248916
643.115553137498
554.2708498953667
756.6326605292039
310.89856187139077
924.4225726615703
622.6337602934144
827.0654518128194
459.341054540703
1094.3372987403163
1325.6790975905083
689.4324684868499
1209.6846439360395
1304.5559363523319
79.73725329514977
455.0675343859444
843.9572130857125
573.1768989994632
1015.6637099584935
900.0402455726039
381.83144798222924
728.9033702795192
1464.9899561786428
924.534325569903
374.6498620857451
454.6388907834769
1403.0517832373794
299.7461649736124
672.21168911053
851.3960964239402
708.2449709745546
1142.349466103076
857.9913260273524
347.0355557486086
903.8864933927154
123.53959090173007
407.5696762511437
519.9825610490257
1231.4070967251246
560.3778265009453
466.35666629483546
264.06348879436666
476.21384365701147
900.8004288102193
424.8533398963224
748.9315407560641
1227.701969862089
674.3367947680857
1097.0254223939496
1497.8712738502134
837.9412138292399
406.7360183004511
1503.3781161803242
993.8396711824194
1216.5509374769322
850.5708938657559
1090.3963088642695
1281.4422490991449
560.5184795131453
1226.913865596787
876.3554818061064
714.3952319332117
1243.9122476388236
401.25423098983407
731.7595341972592
1062.8760711799962
857.7021090921825
578.9322386536477
192.09807160929364
1200.4689860065469
537.4568469290961
834.9989317701044
727.6173258937329
393.4122313218652
758.065665857392
1082.8083879994858
372.4160857749776
1062.6530942292372
1829.5197027218119
959.0507469354003
871.0524961585714
952.9736244546373
334.0472299143923
413.8204652738078
551.153972248817
1220.190396729236
1010.3231675963489
988.3715092956589
1234.3353623594792
1303.6054993001603
492.52720150955906
502.90175467937894
1011.0446917616079
828.9232681183325
1140.5558220418886
1141.359040671657
766.8191356738763
1335.0801052505926
679.8184671362844
578.270152900927
567.3115562052625
1402.570245548906
1043.7543666320817
1685.464154701489
686.70610256736
1230.7004802737392
1570.9501364594937
1723.6044899405833
211.0711152264696
821.7113858487446
367.77773659333207
652.9062360238593
597.8780094037959
949.5502996911075
473.11372748560484
1218.5263371351264
491.78063793836435
991.8075465082346
368.9769082831238
1188.9023850789092
1520.5118319906653
359.06999380517135
395.5083647391385
1615.8444814022407
993.9835725797885
1374.9135160434066
1000.209332908689
1026.6553960820384
688.023908147372
944.2729435859325
683.6355671916734
368.83713671434487
1444.8766586608695
390.5303404588163
603.7589418648648
224.40628892865791
314.85529478051546
812.1896037702112
490.746886124403
649.5654261452173
399.3066330677043
1098.9326776069818
735.4310995435898
1125.989695615815
1151.0557650928172
933.5292260299068
562.605964503279
990.2919036015477
794.4884436560178
645.1411748617795
1131.2482744186786
1605.954903956005
1528.6788068643084
1478.1204586687056
540.7654120391411
770.5955285544883
874.4993925917317
1856.768086788831
321.3288868616938
1001.8299638290312
795.9659976334763
577.0817006113324
631.4284468332154
210.07578929274456
443.5898553235971
173.07501028704803
937.3280766461527
1078.4222914300944
481.6532251085107
706.2125347448439
783.7660666693594
630.2893569995828
874.0997563480757
1467.221579437445
1451.4017855055301
796.5456728321246
817.6178901328366
1003.2411126515435
452.17815488372025
1658.4205245430082
900.0996756360203
1283.8700637800025
1415.081330235257
317.33495198875397
522.6264319974218
708.1715639003793
752.95109529634
268.7902747121783
161.6597622444478
779.2841324724936
855.8407700274006
541.6482418945118
797.6556265008394
1342.5988447449745
596.5303374147397
588.8542348130744
982.264802930228
1908.5529445584305
1234.0256429315177
512.5174947615224
585.6285833417473
601.3452663597456
1130.3327089047857
356.5616791824259
479.21022611066815
1319.8905762374286
1287.1957401045106
581.316005251941
397.0452337124208
826.0644959181499
1158.3676286863574
749.2810613768422
1161.3177155804929
1061.3059092706965
266.3279021741894
280.87220426030325
348.63685371355774
1497.7122569911562
1532.2569057875044
1096.0045595432794
674.75389289161
988.4792086561487
506.7067260659377
758.554184975156
1570.0975085776972
949.0799700308894
580.1567591290909
382.74580447819653
487.8368736109881
1134.923401014176
565.3478372687148
147.51287844947066
71.73554570563186
1350.130130434641
1190.8249135468136
649.2878344894056
622.6795934121303
1740.8913796122517
433.57998910616465
1110.6044016357012
1027.6537461645555
1013.8701713829691
1192.2690410728287
610.0158569676678
1188.9703483754279
197.7970179742634
313.89101799384673
1067.0270366075902
524.6157825279894
1134.4162215635972
434.4788323520507
511.49959931093395
655.5583384608548
739.9934042203108
895.9459272139893
910.0129029160285
411.32108456061036
1096.2854865969919
698.114061080895
235.49738769148252
197.64186897829995
1901.4320946711384
546.8162904628539
59.38349770293673
723.90020608777
342.8756368234083
1575.089343238179
684.8413518039687
1068.489803173051
1007.324191646318
726.312290713925
773.8049930108734
424.5189170908964
906.8849769021942
766.2365585381727
553.3828746398244
1198.6304843293558
190.2565327563924
288.4375360123891
657.1832898628822
1057.3808956042956
1233.3029925816609
631.7218406389509
602.3534238931933
1262.4986193901818
541.3764176421952
507.9119410972367
574.6276936991651
992.787261497804
1184.9674771376954
437.04911321868497
1259.7554667899035
1457.825574158554
736.7263443552561
608.2800188160132
663.7652329741073
1392.8959850075757
1394.42995827331
105.9694928127089
709.3658564344225
372.8393175185051
1011.6748646204265
778.0203674480751
700.3275052409714
613.9884182317401
346.5022890230093
522.6437742416176
560.6669335516583
1023.1851477457885
401.1148263052875
818.6704443825827
1332.7148637618413
708.2261487522379
1110.4815727129187
362.33886447162894
329.8336050004552
492.9601531173727
422.3337677409991
550.1718598032377
666.4865121599299
514.8071451328844
240.3862729603014
616.4037283346687
158.75711168089344
542.6627883981648
1241.7453300753923
769.9408679258695
695.9316865674074
998.3702035000091
941.5701243234995
728.9896454084393
972.3739186707711
920.3402732075203
696.0573486454902
788.4948271816747
973.9972637883026
459.4185042839745
256.8634462916792
324.5762199427001
484.8179779036256
1212.288238304231
673.2289679109541
530.5510388631247
865.4501891512446
1081.758812366473
1121.9293922639577
552.5146059896606
221.92943786182295
906.2956569264011
543.0115032162016
957.2736976394278
112.0344419269725
743.8631319603329
768.6006171474623
914.2849277784046
348.4247224929802
617.3092356010193
130.9803183138413
767.9944804500345
793.2328080110692
217.67537762630982
800.3702542615189
593.1635643154322
1017.6842575745936
1319.9713872014115
565.4285113236709
1046.2477017147423
135.48533226877947
1332.3456862928435
235.59484034190967
723.6810569422183
531.2130732198394
467.5850051880161
861.4826314251156
359.15208417831207
636.2669493922515
706.5808150983157
562.7521863344467
193.01756184302747
543.9997800424726
1260.945519975514
844.1068698678989
1061.3161609370488
519.3696373096449
286.5832121541879
1432.330632764282
329.23286153425784
688.7703776766956
568.3360354116332
588.7367664710123
684.1760929326067
1034.131315954571
508.63124882428224
804.7548818624928
1286.3452791600505
362.0050363251476
393.8019539700087
888.6097245433731
832.5735812106965
472.8907690490154
987.3360106307578
546.2875260431075
1011.2454272581577
625.2191461203123
120.13374107400813
1055.441610097385
925.3821165843272
674.8849928250343
1200.9882345177812
605.2059629866002
1205.085255375549
712.9566935602038
208.89087415530494
384.6089661838025
1482.375331024149
425.40914175453395
464.7762217554428
719.9805618835211
719.1141864843271
679.8746280739077
1158.8343698267615
825.4264589608282
952.2010295593115
1880.677805142479
766.691368568327
1732.9753446659781
931.5838465805856
953.7517466614305
287.57732683695366
959.0009246837814
843.2681157364343
1276.8009553391694
978.9226387359473
515.03080354393
738.6588787850968
374.9555321008286
1004.0595874393865
427.6901645142
1679.142564022028
568.6443148098475
771.5904862969765
833.7100423545563
129.68568518722256
761.4287990594426
945.6088275246907
546.2199111609061
563.9580172976855
1110.6293485911663
459.3448921051221
491.15133870021447
135.71520497220422
691.6264144047092
379.5318384513214
1236.5448635997327
433.6346981303703
1231.0673481537203
598.448532911765
666.5130449502443
1028.4326577567836
463.1675314373955
890.2141793443523
994.5927119381779
870.9166649267795
971.4362383783566
1182.6955976989673
1083.7181320690763
436.05561439909474
928.1098765981142
1049.8118976101905
1159.1968732938292
1180.7239593154857
374.8522469960308
72.20203613985909
597.5982284999433
529.1470180818766
190.4123850412452
664.5478414254133
1112.2927923449188
742.4891333106981
898.6936450125844
198.26574646303447
999.4780961602172
490.6493010467475
714.440501490098
996.936904772199
159.70454416915115
719.5900958990912
912.1082423549269
316.07389744551455
1225.2629284222642
184.75519775872314
538.7511283829206
579.2537944732553
1117.0651331676386
286.9388881792936
790.8378861357502
337.1734341996277
429.90622132787706
1158.5909889138434
372.9813217015394
188.5428169976695
1018.2399333722148
831.7384354769325
995.4624944139193
2025.0535519534712
454.46858410722785
445.72177446148515
1137.9877822655772
221.86953954814174
197.1973406901415
1250.9721890685576
337.59123843069125
833.2601096810013
874.8455468535177
1229.0869458430652
69.59512350985969
949.5916394550062
1047.7500399488042
375.9433236888771
988.9172422720012
659.0179639807014
593.8660969835544
367.72090037147416
1292.6828304616433
467.3988102502163
66.2231860708343
1115.0457267133763
554.1765570476991
862.059042848221
981.8538688583765
1053.6955272053783
128.09033450810114
399.45244922432244
639.7990361243362
992.7976978549115
674.4771791590047
833.8339823935497
850.5420074070769
635.6873286899851
508.6116898766098
892.5891961566551
1269.5436164879532
485.72824361909517
926.4889289698458
782.2714919890008
1539.1373906098759
299.49999604038476
1085.21910543043
608.3730349853079
760.8090970141391
473.62647564524025
1091.242535232609
639.5807563936111
672.2650964815678
401.67302510911685
549.7671657735855
352.55111173810604
485.94708329564776
408.127172211134
999.4708305158189
856.5769191806222
575.6483282912938
554.5380956403104
556.236909257004
625.0635739055816
880.144677952371
832.1719396351427
1089.8238557441857
401.3861945191925
1041.2249741441497
1286.5028109760826
565.8632201944935
559.0227573703379
1236.1936632003176