524.241521205101
869.3023992341806
68.10328812198244
347.0516379343518
40.45255650306607
125.87923001764553
1157.9455557230185
173.6234163680009
568.8023361129577
750.6542025730489
879.4894459390026
672.6273483215894
361.59126192246026
290.45940848378274
668.0605843662481
264.87451949822764
20.876523642625607
1022.8547502699498
432.0682322066243
324.9411107752768
197.55269222539056
143.38712617804222
300.3211537285272
354.56815558583986
921.0821016823306
330.81275317308746
559.9653787799208
695.7395231100394
451.1484804862727
583.1671405746686
525.6494319957021
692.5435918256231
244.6487469404001
706.1138656849208
565.2991087800606
1035.3651344349148
178.89240751132073
776.2866304426918
535.0355677715793
1120.7887850146265
399.9224508952997
366.6336496744021
230.32830942752727
636.0405579029627
691.4402577180597
654.4622511475515
1262.9785199191936
344.5087335329899
571.2209228536695
445.8807353928072
512.0010276733514
403.68701767443315
146.6789608616197
110.65558355360164
124.14095945046486
193.4712609418628
657.0203860150494
1270.6448180257232
606.0639919176806
535.2917277909522
364.0070800244324
417.6735738677882
665.5452508900703
315.03845248872346
75.2053311792062
739.606212030647
809.6186623614124
360.1204903053625
401.72808889517313
743.2324668854887
49.332799780352886
344.0364439002852
376.65956622763304
195.3570587607646
519.0059735961673
817.2479619895014
188.12783635555795
759.8385912618013
545.8330639844545
407.46695384649934
372.62931694399686
287.5859097643462
470.4967433976798
695.8305901657956
452.640213120258
983.0156646893787
205.26879803752936
147.96687861212058
406.8173790736912
540.6310613278679
402.39612357284904
320.3982255390538
330.25764744301915
436.97263671473553
296.724637009965
773.9167901639566
600.2914163631566
541.5248515533575
512.2542677395184
821.5374036826279
877.4646113174736
