962.7859721238241
694.9496650011258
1056.9648079599303
955.6615347591475
999.9375800969761
359.6913513743625
321.3763789497026
1606.2728075949537
665.1507734978439
901.1571725581332
967.6099834276499
347.04001831405446
1437.8420589842594
1143.7784957758254
222.89775194444474
210.93648351883877
716.5017493845261
1029.199173025894
962.7178157507878
993.1452728284762
355.96600036508295
439.8886240559834
1104.0679267147532
1725.3153713690992
1700.186563208182
748.027676381219
759.2298143572601
291.38737532670683
47.56782662384455
404.8616480919402
660.3760951422996
1078.9513079345975
695.3566952699774
1112.3302755980137
792.3535052284246
464.6279658354355
1888.0876095332967
1460.9803246037297
1366.950415472547
378.4668818346599
980.5728862548532
1770.8037510827191
1087.990279797306
342.34436380850843
1223.3087058290655
286.196528763665
1223.8372487068393
890.6508621438154
1392.748975088585
804.7075058146273
1467.381517683719
582.9888387078348
692.0201290045676
1007.0967431750462
304.3439624913233
541.068105455145
604.7299381005826
944.0859040680635
1561.5929176770599
940.4835126129698
952.7489361211835
705.7309333140191
1016.663887455421
973.6713752459908
492.9578162482618
679.061934293437
793.6093722227365
1071.2520111547897
378.3391149448756
1383.2592949800319
1076.472881075986
1521.2604472082487
1513.271415605986
541.4819578020811
1474.9680572037998
1308.5993964265326
785.8911247186081
1544.5669224339863
1256.713207724174
385.5135888695661
726.2229834630704
549.4484022180874
1095.557970753178
1154.4243432256462
527.6119625524319
641.4082925923763
804.82751624697
913.6404484612741
807.2832655082824
641.4059288552975
397.91189922130286
1358.4687415041947
595.9354413672135
1152.8542124968017
1223.8750310940432
351.9373370857821
949.3955871812761
758.6475854224109
504.2896152800841
869.1407638632757
1154.9664663915232
