58.33569519683091
362.1946172881985
302.97349524551345
399.6022033656174
463.9221586800911
879.6295837367046
983.571073591592
377.0976906330267
340.5481933211645
304.7284619746813
765.1714706281585
777.12166026883
336.97745210783853
701.213827458304
654.5886661651357
552.229899143764
1034.9223887194598
659.8020464787355
351.3815092287745
959.3825634247436
1342.2188409519636
607.093886484967
154.01929268053593
278.87389324082665
666.0218147127756
468.1659559786655
371.6333203974416
421.6207029786118
512.1843725335315
267.3319475616037
487.04630726375007
532.145714981466
807.821349622919
849.6681244789038
826.1026732155319
768.4910123074304
952.6179968452007
949.0500598146313
710.9882832875005
640.4773502026658
475.4473595004553
339.1971776078673
853.7833862502383
226.1943674057719
1054.3942234484898
487.22006454579724
655.2554340725412
119.928027783465
159.47465963753368
458.5466753731057
314.0862278152325
691.363484391373
815.0530327554003
818.780123726216
692.3404395005776
1235.1064735421526
727.6455909413154
543.0565445677923
828.4965211634939
935.3049483095733
887.0167639324686
600.3676380334224
787.6412023850974
505.58079559167925
745.2038300342572
522.7014423380409
819.2019126482336
379.7513334280375
266.61438345487704
146.61008474282096
702.598090350216
266.9912677765595
152.0526239376397
641.0686954064502
1033.9043131181554
574.5607515246942
738.84184420539
652.2597941602156
1068.5924666717049
673.8505442820472
387.4825127508062
1000.3247378887789
444.49561353658765
590.0360160074778
513.7283892013436
328.983549343523
1254.110003001004
382.21382477146625
439.21217308993863
535.7116571905367
426.0309833681743
413.64830536727123
984.4186295156524
365.7061953155885
974.4598607714489
492.0203414269844
461.87780846459725
386.6580791587448
281.96284352834016
913.739948203982
944.4294406406566
930.5116122607259
1034.974794421294
228.7648117447626
